1.6199182334e+01
1.6715388835e+01
1.7243767068e+01
1.7784248686e+01
1.8336727710e+01
1.8901053707e+01
1.9477033514e+01
2.0064425999e+01
2.0662939491e+01
2.1272231271e+01
2.1891902566e+01
2.2521502730e+01
2.3160529391e+01
2.3808428919e+01
2.4464597744e+01
2.5128377910e+01
2.5799072052e+01
2.6475932299e+01
2.7158144306e+01
2.7844822000e+01
2.8535001147e+01
2.9227617621e+01
2.9921493871e+01
3.0615329454e+01
3.1307689847e+01
3.1997009619e+01
3.2681585708e+01
3.3359577104e+01
3.4029036072e+01
3.4687928070e+01
3.5334142436e+01
3.5965519949e+01
3.6579858728e+01
3.7174890248e+01
3.7748237204e+01
3.8297372805e+01
3.8819616345e+01
3.9312141666e+01
3.9771996381e+01
4.0196154803e+01
4.0581553784e+01
4.0925109939e+01
4.1223733859e+01
4.1474273996e+01
4.1673544911e+01
4.1818356999e+01
4.1905576779e+01
4.1932283267e+01
4.1895869378e+01
4.1794049732e+01
4.1624831539e+01
4.1386529475e+01
4.1077832307e+01
4.0697869629e+01
4.0246303172e+01
3.9723411338e+01
3.9130151663e+01
3.8468349814e+01
3.7740831642e+01
3.6951468343e+01
3.6105124472e+01
3.5207586177e+01
3.4265470607e+01
3.3286163585e+01
3.2277768473e+01
3.1249124790e+01
3.0209714249e+01
2.9169391787e+01
2.8138120395e+01
2.7125735519e+01
2.6141581413e+01
2.5194152038e+01
2.4290737178e+01
2.3437025703e+01
2.2636907149e+01
2.1892207491e+01
2.1202550425e+01
2.0565021009e+01
1.9973898203e+01
1.9420521748e+01
1.8893692385e+01
1.8380062211e+01
1.7864954841e+01
1.7333343008e+01
1.6771048144e+01
1.6166228227e+01
1.5511209197e+01
1.4803992497e+01
1.4049283904e+01
1.3260816782e+01
1.2458576882e+01
1.1665956359e+01
1.0907843975e+01
1.0209188595e+01
9.5889088374e+00
9.0572801338e+00
8.6142234186e+00
8.2481177067e+00
7.9383282608e+00
7.6562299020e+00
7.3697148668e+00
7.0528412150e+00
6.6905001212e+00
6.2839382551e+00
5.8532430775e+00
5.4301017606e+00
5.0466188412e+00
4.7259905410e+00
4.4729039319e+00
4.2726378986e+00
4.0970714926e+00
3.9148637284e+00
3.7065230554e+00
3.4734221973e+00
3.2370660450e+00
3.0244248206e+00
2.8513912165e+00
2.7134832118e+00
2.5906936397e+00
2.4623939839e+00
2.3226243573e+00
2.1831752009e+00
2.0601651248e+00
1.9582523945e+00
1.8679371452e+00
1.7773265413e+00
1.6849649902e+00
1.5987857692e+00
1.5238054459e+00
1.4560779272e+00
1.3899171609e+00
1.3259112102e+00
1.2676112635e+00
1.2146182948e+00
1.1641263839e+00
1.1161106641e+00
1.0717839332e+00
1.0304496603e+00
9.9119063912e-01
9.5436532911e-01
9.1982737411e-01
8.8710161197e-01
8.5616695326e-01
8.2689053947e-01
7.9903231905e-01
7.7247686913e-01
7.4709618034e-01
7.2276451556e-01
6.9936083627e-01
6.7676906451e-01
6.5489682373e-01
6.3364285011e-01
6.1293723677e-01
5.9268593767e-01
5.7284162054e-01
5.5332196934e-01
5.3409984523e-01
5.1510967793e-01
4.9633735944e-01
4.7773762824e-01
4.5930520099e-01
4.4101850463e-01
4.2287946840e-01
4.0488719794e-01
3.8705150107e-01
3.6938805025e-01
3.5191518190e-01
3.3465988586e-01
3.1765014039e-01
3.0091747725e-01
2.8449858986e-01
2.6842401950e-01
2.5273723441e-01
2.3746288107e-01
2.2264880246e-01
2.0831024324e-01
1.9449330669e-01
1.8120489085e-01
1.6848329093e-01
1.5632784250e-01
1.4476569983e-01
1.3379037309e-01
1.2341350757e-01
1.1362623117e-01
1.0442435264e-01
9.5799024842e-02
8.7729363465e-02
8.0209671869e-02
7.3205930920e-02
6.6714411746e-02
6.0693260353e-02
5.5139539241e-02
5.0007892379e-02
4.5296137235e-02
4.0959207263e-02
3.6991879025e-02
3.3354457300e-02
3.0038309974e-02
2.7009623307e-02
2.4257382588e-02
