1.8326052336e+01
1.8021606458e+01
1.7712952170e+01
1.7396975642e+01
1.7070744851e+01
1.6731575300e+01
1.6377152786e+01
1.6005730361e+01
1.5616186180e+01
1.5208196717e+01
1.4782109081e+01
1.4339267126e+01
1.3882210689e+01
1.3414620516e+01
1.2940649563e+01
1.2464972657e+01
1.1992578703e+01
1.1528619806e+01
1.1078325150e+01
1.0647050606e+01
1.0239591088e+01
9.8595548174e+00
9.5095464401e+00
9.1911097789e+00
8.9044133372e+00
8.6481010923e+00
8.4194420821e+00
8.2146172378e+00
8.0288154419e+00
7.8562074321e+00
7.6901114990e+00
7.5236549707e+00
7.3507438425e+00
7.1665287118e+00
6.9674040888e+00
6.7514422004e+00
6.5190470495e+00
6.2730995733e+00
6.0187089404e+00
5.7624335776e+00
5.5113218923e+00
5.2721350703e+00
5.0509638230e+00
4.8522137753e+00
4.6776280367e+00
4.5267644704e+00
4.3965112354e+00
4.2818054415e+00
4.1764837219e+00
4.0735022423e+00
3.9666727929e+00
3.8514994207e+00
3.7260115887e+00
3.5910030786e+00
3.4502008511e+00
3.3091479666e+00
3.1736798535e+00
3.0491121596e+00
2.9385297744e+00
2.8424007089e+00
2.7585829360e+00
2.6830584532e+00
2.6107322950e+00
2.5371189652e+00
2.4595192281e+00
2.3774879803e+00
2.2932747666e+00
2.2103746575e+00
2.1324941580e+00
2.0620150559e+00
1.9992593322e+00
1.9426194773e+00
1.8892226046e+00
1.8363416698e+00
1.7823402640e+00
1.7274431147e+00
1.6731700537e+00
1.6215873394e+00
1.5739527166e+00
1.5303068573e+00
1.4894644367e+00
1.4499262608e+00
1.4106827828e+00
1.3717591790e+00
1.3339594225e+00
1.2981361274e+00
1.2645913597e+00
1.2329012436e+00
1.2023432364e+00
1.1724706120e+00
1.1433411172e+00
1.1153219179e+00
1.0886593403e+00
1.0632472960e+00
1.0387701525e+00
1.0150081050e+00
9.9198297022e-01
9.6982270983e-01
9.4855413879e-01
9.2806136173e-01
9.0821207245e-01
8.8897241386e-01
8.7036779118e-01
8.5238953539e-01
8.3497639933e-01
8.1807508307e-01
8.0165942495e-01
7.8570481567e-01
7.7018516554e-01
7.5507536420e-01
7.4034856245e-01
7.2597873010e-01
7.1193809352e-01
6.9820071701e-01
6.8474687367e-01
6.7155644211e-01
6.5861050370e-01
6.4588942613e-01
6.3337466450e-01
6.2104947438e-01
6.0889774598e-01
5.9690460307e-01
5.8505545669e-01
5.7333345600e-01
5.6172872520e-01
5.5023172941e-01
5.3883350590e-01
5.2752467892e-01
5.1629649389e-01
5.0514222641e-01
4.9405595825e-01
4.8303227738e-01
4.7206775720e-01
4.6115661062e-01
4.5029648325e-01
4.3948705213e-01
4.2872928422e-01
4.1802336755e-01
4.0736989002e-01
3.9677073655e-01
3.8622864803e-01
3.7574712183e-01
3.6533032404e-01
3.5498299897e-01
3.4470850269e-01
3.3451374120e-01
3.2440628083e-01
3.1439190229e-01
3.0447725899e-01
2.9466905230e-01
2.8497473171e-01
2.7540194511e-01
2.6595787012e-01
2.5665064768e-01
2.4748643716e-01
2.3847451954e-01
2.2962193586e-01
2.2093451021e-01
2.1241756948e-01
2.0407676257e-01
1.9591864272e-01
1.8794796876e-01
1.8016893882e-01
1.7258625944e-01
1.6520294068e-01
1.5802492949e-01
1.5105359285e-01
1.4429056817e-01
1.3773469788e-01
1.3138616640e-01
1.2524573395e-01
1.1931275122e-01
1.1358591901e-01
1.0806448790e-01
1.0274632187e-01
9.7629224663e-02
9.2713147646e-02
8.7992706081e-02
8.3462647078e-02
7.9118413552e-02
7.4955978538e-02
7.0971759260e-02
6.7160766574e-02
6.3518465911e-02
6.0041102665e-02
5.6722520055e-02
5.3561274660e-02
5.0549874333e-02
4.7683242349e-02
4.4955161843e-02
4.2360408823e-02
3.9894836796e-02
3.7553239699e-02
3.5330832404e-02
3.3223779842e-02
3.1226920572e-02
2.9336334830e-02
2.7547890344e-02
2.5856492593e-02
2.4257382588e-02
