2.6930884990e-02
2.7589175813e-02
2.8247317735e-02
2.8903909340e-02
2.9557450114e-02
3.0206330183e-02
3.0848820685e-02
3.1483096103e-02
3.2107186993e-02
3.2719032667e-02
3.3316484539e-02
3.3897220746e-02
3.4458801255e-02
3.4998690189e-02
3.5514226069e-02
3.6002617528e-02
3.6461020640e-02
3.6886452329e-02
3.7275839539e-02
3.7626055976e-02
3.7933916278e-02
3.8196205989e-02
3.8409711108e-02
3.8571244843e-02
3.8677684821e-02
3.8726025068e-02
3.8713425865e-02
3.8637280915e-02
3.8495271743e-02
3.8285430075e-02
3.8006240763e-02
3.7656705952e-02
3.7236435273e-02
3.6745733930e-02
3.6185683707e-02
3.5558237852e-02
3.4866269463e-02
3.4113632493e-02
3.3305201554e-02
3.2446877124e-02
3.1545576057e-02
3.0609166356e-02
2.9646368888e-02
2.8666623600e-02
2.7679915377e-02
2.6696554914e-02
2.5726883198e-02
2.4780967531e-02
2.3868308479e-02
2.2997445668e-02
2.2175563400e-02
2.1408136133e-02
2.0698572287e-02
2.0047815961e-02
1.9454037429e-02
1.8912367410e-02
1.8414839280e-02
1.7950295874e-02
1.7504719850e-02
1.7061849599e-02
1.6604140996e-02
1.6114274619e-02
1.5576970808e-02
1.4981267074e-02
1.4321577330e-02
1.3600807978e-02
1.2833166447e-02
1.2039528170e-02
1.1245511683e-02
1.0480626374e-02
9.7756044158e-03
9.1536455079e-03
8.6296221875e-03
8.2056062190e-03
7.8707058379e-03
7.6026217743e-03
7.3661076252e-03
7.1218308423e-03
6.8371175466e-03
6.4906845338e-03
6.0835823870e-03
5.6415667343e-03
5.2040648473e-03
4.8127860636e-03
4.4967650515e-03
4.2617724702e-03
4.0884887347e-03
3.9392929351e-03
3.7733430393e-03
3.5665212192e-03
3.3245684072e-03
3.0787265866e-03
2.8654832753e-03
2.7027367769e-03
2.5806516503e-03
2.4694191774e-03
2.3427271077e-03
2.1978806877e-03
2.0553097439e-03
1.9363981032e-03
1.8428023165e-03
1.7578546577e-03
1.6668358418e-03
1.5727749711e-03
1.4885717934e-03
1.4180517336e-03
1.3528435738e-03
1.2867469222e-03
1.2236624272e-03
1.1680187782e-03
1.1170899951e-03
1.0675838871e-03
1.0211226852e-03
9.7888177398e-04
9.3915372729e-04
9.0148128201e-04
8.6658038977e-04
8.3385729986e-04
8.0294932975e-04
7.7399148960e-04
7.4669177997e-04
7.2086754589e-04
6.9641176934e-04
6.7319570059e-04
6.5109392875e-04
6.2998071201e-04
6.0974612078e-04
5.9029278816e-04
5.7152466803e-04
5.5336228557e-04
5.3571675651e-04
5.1852768496e-04
5.0171865405e-04
4.8524829995e-04
4.6905239616e-04
4.5310475341e-04
4.3735428999e-04
4.2178821936e-04
4.0637248447e-04
3.9110396985e-04
3.7596660378e-04
3.6096441951e-04
3.4609671358e-04
3.3137598206e-04
3.1681326364e-04
3.0242961274e-04
2.8824240901e-04
2.7428116677e-04
2.6056498630e-04
2.4713005849e-04
2.3399338841e-04
2.2119482004e-04
2.0874586359e-04
1.9668901147e-04
1.8502788220e-04
1.7380046484e-04
1.6300508024e-04
1.5267102013e-04
1.4279279553e-04
1.3338878565e-04
1.2444961799e-04
1.1598188216e-04
1.0797483212e-04
1.0042290137e-04
9.3316861364e-05
8.6638418263e-05
8.0381986429e-05
7.4519417400e-05
6.9048821568e-05
6.3935767993e-05
5.9180217595e-05
5.4745108505e-05
5.0631824915e-05
4.6803359900e-05
4.3260977927e-05
3.9970432702e-05
3.6930076633e-05
3.4111542836e-05
3.1510273382e-05
2.9103238525e-05
2.6883755999e-05
2.4833290864e-05
2.2943651551e-05
2.1200389909e-05
1.9593875788e-05
1.8113431284e-05
1.6748462497e-05
1.5491387110e-05
1.4331458323e-05
1.3263255287e-05
1.2276602042e-05
1.1367515709e-05
1.0526719043e-05
9.7511699798e-06
9.0326196989e-06
8.3691101785e-06
7.7532475632e-06
7.1836199904e-06
6.6541417469e-06
6.1635603780e-06
