2.6966252809e+00
2.8040446287e+00
2.9157429976e+00
3.0318908411e+00
3.1526654030e+00
3.2782509873e+00
3.4088392398e+00
3.5446294404e+00
3.6858288074e+00
3.8326528135e+00
3.9853255147e+00
4.1440798921e+00
4.3091582077e+00
4.4808123740e+00
4.6593043381e+00
4.8449064820e+00
5.0379020376e+00
5.2385855197e+00
5.4472631747e+00
5.6642534484e+00
5.8898874716e+00
6.1245095659e+00
6.3684777686e+00
6.6221643796e+00
6.8859565289e+00
7.1602567681e+00
7.4454836840e+00
7.7420725379e+00
8.0504759296e+00
8.3711644880e+00
8.7046275895e+00
9.0513741046e+00
9.4119331745e+00
9.7868550187e+00
1.0176711774e+01
1.0582098370e+01
1.1003633432e+01
1.1441960231e+01
1.1897747660e+01
1.2371691261e+01
1.2864514278e+01
1.3376968768e+01
1.3909836746e+01
1.4463931378e+01
1.5040098221e+01
1.5639216516e+01
1.6262200529e+01
1.6910000944e+01
1.7583606315e+01
1.8284044576e+01
1.9012384608e+01
1.9769737871e+01
2.0557260099e+01
2.1376153064e+01
2.2227666412e+01
2.3113099566e+01
2.4033803714e+01
2.4991183866e+01
2.5986701000e+01
2.7021874294e+01
2.8098283439e+01
2.9217571055e+01
3.0381445194e+01
3.1591681949e+01
3.2850128161e+01
3.4158704243e+01
3.5519407103e+01
3.6934313198e+01
3.8405581699e+01
3.9935457788e+01
4.1526276083e+01
4.3180464199e+01
4.4900546457e+01
4.6689147733e+01
4.8548997463e+01
5.0482933810e+01
5.2493907994e+01
5.4584988798e+01
5.6759367248e+01
5.9020361482e+01
6.1371421818e+01
6.3816136014e+01
6.6358234748e+01
6.9001597305e+01
7.1750257504e+01
7.4608409848e+01
7.7580415927e+01
8.0670811074e+01
8.3884311287e+01
8.7225820422e+01
9.0700437681e+01
9.4313465391e+01
9.8070417094e+01
1.0197702597e+02
1.0603925356e+02
1.1026329890e+02
1.1465560796e+02
1.1922288348e+02
1.2397209520e+02
1.2891049050e+02
1.3404560546e+02
1.3938527635e+02
1.4493765161e+02
1.5071120425e+02
1.5671474481e+02
1.6295743482e+02
1.6944880071e+02
1.7619874842e+02
1.8321757851e+02
1.9051600181e+02
1.9810515586e+02
2.0599662183e+02
2.1420244224e+02
2.2273513931e+02
2.3160773410e+02
2.4083376632e+02
2.5042731508e+02
2.6040302029e+02
2.7077610505e+02
2.8156239887e+02
2.9277836183e+02
3.0444110968e+02
3.1656843997e+02
3.2917885922e+02
3.4229161115e+02
3.5592670606e+02
3.7010495133e+02
3.8484798322e+02
4.0017829984e+02
4.1611929553e+02
4.3269529652e+02
4.4993159809e+02
4.6785450313e+02
4.8649136230e+02
5.0587061578e+02
5.2602183664e+02
5.4697577601e+02
5.6876440995e+02
5.9142098831e+02
6.1498008542e+02
6.3947765286e+02
6.6495107437e+02
6.9143922281e+02
7.1898251957e+02
7.4762299621e+02
7.7740435858e+02
8.0837205356e+02
8.4057333841e+02
8.7405735283e+02
9.0887519403e+02
9.4507999463e+02
9.8272700379e+02
1.0218736715e+03
1.0625797363e+03
1.1049073163e+03
1.1489210041e+03
1.1946879654e+03
1.2422780414e+03
1.2917638554e+03
1.3432209236e+03
1.3967277703e+03
1.4523660480e+03
1.5102206616e+03
1.5703798983e+03
1.6329355621e+03
1.6979831141e+03
1.7656218179e+03
1.8359548914e+03
1.9090896641e+03
1.9851377410e+03
2.0642151727e+03
2.1464426328e+03
2.2319456018e+03
2.3208545587e+03
2.4133051801e+03
2.5094385474e+03
2.6094013617e+03
2.7133461680e+03
2.8214315879e+03
2.9338225616e+03
3.0506905997e+03
3.1722140450e+03
3.2985783442e+03
3.4299763315e+03
3.5666085225e+03
3.7086834204e+03
3.8564178339e+03
4.0100372083e+03
4.1697759694e+03
4.3358778815e+03
4.5085964188e+03
4.6881951529e+03
4.8749481547e+03
5.0691404124e+03
5.2710682668e+03
5.4810398633e+03
5.6993756223e+03
5.9264087280e+03
6.1624856368e+03
6.4079666061e+03
