4.2082386608e-03
4.3758727239e-03
4.5501844451e-03
4.7314398272e-03
4.9199154689e-03
5.1158989876e-03
5.3196894573e-03
5.5315978660e-03
5.7519475896e-03
5.9810748855e-03
6.2193294061e-03
6.4670747318e-03
6.7246889264e-03
6.9925651137e-03
7.2711120774e-03
7.5607548849e-03
7.8619355363e-03
8.1751136386e-03
8.5007671068e-03
8.8393928941e-03
9.1915077491e-03
9.5576490053e-03
9.9383754006e-03
1.0334267930e-02
1.0745930733e-02
1.1173992014e-02
1.1619105001e-02
1.2081948945e-02
1.2563230155e-02
1.3063683072e-02
1.3584071398e-02
1.4125189254e-02
1.4687862395e-02
1.5272949471e-02
1.5881343334e-02
1.6513972404e-02
1.7171802084e-02
1.7855836233e-02
1.8567118700e-02
1.9306734915e-02
2.0075813543e-02
2.0875528214e-02
2.1707099305e-02
2.2571795808e-02
2.3470937265e-02
2.4405895782e-02
2.5378098122e-02
2.6389027882e-02
2.7440227759e-02
2.8533301903e-02
2.9669918363e-02
3.0851811637e-02
3.2080785313e-02
3.3358714828e-02
3.4687550323e-02
3.6069319625e-02
3.7506131339e-02
3.9000178063e-02
4.0553739739e-02
4.2169187130e-02
4.3848985437e-02
4.5595698060e-02
4.7411990514e-02
4.9300634492e-02
5.1264512100e-02
5.3306620247e-02
5.5430075227e-02
5.7638117468e-02
5.9934116483e-02
6.2321576005e-02
6.4804139340e-02
6.7385594922e-02
7.0069882097e-02
7.2861097135e-02
7.5763499479e-02
7.8781518245e-02
8.1919758982e-02
8.5183010701e-02
8.8576253181e-02
9.2104664568e-02
9.5773629281e-02
9.9588746223e-02
1.0355583733e-01
1.0768095645e-01
1.1197039859e-01
1.1643070951e-01
1.2106869573e-01
1.2589143488e-01
1.3090628657e-01
1.3612090353e-01
1.4154324337e-01
1.4718158066e-01
1.5304451961e-01
1.5914100718e-01
1.6548034669e-01
1.7207221210e-01
1.7892666271e-01
1.8605415853e-01
1.9346557624e-01
2.0117222580e-01
2.0918586768e-01
2.1751873085e-01
2.2618353140e-01
2.3519349196e-01
2.4456236189e-01
2.5430443826e-01
2.6443458763e-01
2.7496826880e-01
2.8592155635e-01
2.9731116518e-01
3.0915447604e-01
3.2146956202e-01
3.3427521616e-01
3.4759098011e-01
3.6143717396e-01
3.7583492725e-01
3.9080621120e-01
4.0637387224e-01
4.2256166690e-01
4.3939429804e-01
4.5689745254e-01
4.7509784053e-01
4.9402323611e-01
5.1370251977e-01
5.3416572244e-01
5.5544407132e-01
5.7757003755e-01
6.0057738573e-01
6.2450122548e-01
6.4937806500e-01
6.7524586678e-01
7.0214410553e-01
7.3011382843e-01
7.5919771778e-01
7.8944015609e-01
8.2088729386e-01
8.5358711996e-01
8.8758953489e-01
9.2294642695e-01
9.5971175135e-01
9.9794161264e-01
1.0376943502e+00
1.0790306275e+00
1.1220135244e+00
1.1667086334e+00
1.2131841602e+00
1.2615110272e+00
1.3117629820e+00
1.3640167101e+00
1.4183519514e+00
1.4748516225e+00
1.5336019430e+00
1.5946925668e+00
1.6582167193e+00
1.7242713394e+00
1.7929572276e+00
1.8643791999e+00
1.9386462474e+00
2.0158717029e+00
2.0961734137e+00
2.1796739218e+00
2.2665006503e+00
2.3567860983e+00
2.4506680431e+00
2.5482897500e+00
2.6498001916e+00
2.7553542745e+00
2.8651130761e+00
2.9792440902e+00
3.0979214828e+00
3.2213263576e+00
3.3496470327e+00
3.4830793276e+00
3.6218268623e+00
3.7661013680e+00
3.9161230101e+00
4.0721207242e+00
4.2343325656e+00
4.4030060724e+00
4.5783986433e+00
4.7607779304e+00
4.9504222477e+00
5.1476209957e+00
5.3526751032e+00
5.5658974863e+00
5.7876135260e+00
6.0181615650e+00
6.2578934236e+00
6.5071749367e+00
6.7663865123e+00
7.0359237117e+00
7.3161978535e+00
7.6076366409e+00
7.9106848146e+00
8.2258048313e+00
8.5534775697e+00
8.8942030641e+00
9.2485012676e+00
9.6169128454e+00
1.0000000000e+01
