4.8550039924e+04
4.9736211568e+04
5.0922059138e+04
5.2105053191e+04
5.3282485684e+04
5.4451451516e+04
5.5608831218e+04
5.6751331272e+04
5.7875398937e+04
5.8977317321e+04
6.0053211477e+04
6.1098894540e+04
6.2109967177e+04
6.3081857937e+04
6.4009769685e+04
6.4888671964e+04
6.5713440521e+04
6.6478701255e+04
6.7178918946e+04
6.7808463560e+04
6.8361599772e+04
6.8832541019e+04
6.9215502743e+04
6.9504750564e+04
6.9694667254e+04
6.9779846287e+04
6.9755181507e+04
6.9615987959e+04
6.9358099629e+04
6.8977981538e+04
6.8472914906e+04
6.7841112409e+04
6.7081880376e+04
6.6195777199e+04
6.5184759054e+04
6.4052350730e+04
6.2803732720e+04
6.1445851223e+04
5.9987490061e+04
5.8439280379e+04
5.6813683984e+04
5.5124876304e+04
5.3388569819e+04
5.1621773493e+04
4.9842479419e+04
4.8069268260e+04
4.6320776794e+04
4.4615150067e+04
4.2969513078e+04
4.1399259893e+04
3.9917342316e+04
3.8533630353e+04
3.7254269586e+04
3.6080962649e+04
3.5010410776e+04
3.4033834298e+04
3.3136868127e+04
3.2299393383e+04
3.1496132841e+04
3.0697761303e+04
2.9872639701e+04
2.8989532933e+04
2.8020882999e+04
2.6946916179e+04
2.5757553532e+04
2.4458031224e+04
2.3073966783e+04
2.1643004648e+04
2.0211345621e+04
1.8832210929e+04
1.7561031183e+04
1.6439655408e+04
1.5494917000e+04
1.4730563171e+04
1.4126958903e+04
1.3643890719e+04
1.3217785722e+04
1.2777692281e+04
1.2264661815e+04
1.1640286563e+04
1.0906446293e+04
1.0109594875e+04
9.3208624390e+03
8.6155108937e+03
8.0459465151e+03
7.6226048853e+03
7.3106429670e+03
7.0421771415e+03
6.7434904405e+03
6.3710339447e+03
5.9351505183e+03
5.4922307015e+03
5.1081586186e+03
4.8152752016e+03
4.5958412548e+03
4.3960304906e+03
4.1683002958e+03
3.9077637563e+03
3.6513165276e+03
3.4376105647e+03
3.2696470772e+03
3.1173010843e+03
2.9539393867e+03
2.7850253093e+03
2.6338849844e+03
2.5074427903e+03
2.3905516194e+03
2.2719740336e+03
2.1587763504e+03
2.0589686689e+03
1.9676333837e+03
1.8787857472e+03
1.7953928113e+03
1.7195629205e+03
1.6482366647e+03
1.5805560316e+03
1.5178592177e+03
1.4590430012e+03
1.4034826389e+03
1.3514026058e+03
1.3022999419e+03
1.2558277458e+03
1.2118114695e+03
1.1700083392e+03
1.1302028173e+03
1.0921644287e+03
1.0556973412e+03
1.0206300798e+03
9.8678331637e+02
9.5402597273e+02
9.2218280665e+02
8.9116474321e+02
8.6081251959e+02
8.3107611576e+02
8.0181455451e+02
7.7300759208e+02
7.4453750777e+02
7.1640665134e+02
6.8853291444e+02
6.6092961710e+02
6.3355625372e+02
6.0643146308e+02
5.7954906305e+02
5.5293957584e+02
5.2662116125e+02
5.0064027599e+02
4.7502519042e+02
4.4984223865e+02
4.2511828654e+02
4.0093720608e+02
3.7731673397e+02
3.5435271241e+02
3.3204698283e+02
3.1050631230e+02
2.8971287070e+02
2.6976449877e+02
2.5063558502e+02
2.3240283486e+02
2.1503777837e+02
1.9859053303e+02
1.8303033283e+02
1.6837831614e+02
1.5460688169e+02
1.4170635410e+02
1.2965905509e+02
1.1842316355e+02
1.0799421465e+02
9.8305791688e+01
8.9363978228e+01
8.1087832487e+01
7.3487675070e+01
6.6477801644e+01
6.0070041664e+01
5.4180637613e+01
4.8819168287e+01
4.3910178344e+01
3.9454611645e+01
3.5391857522e+01
3.1714707715e+01
2.8375345930e+01
2.5360936081e+01
2.2634128656e+01
2.0178611788e+01
1.7966237946e+01
1.5978168141e+01
1.4194117183e+01
1.2594022078e+01
1.1163479210e+01
9.8829380161e+00
8.7419181056e+00
7.7227498060e+00
6.8173667101e+00
6.0104624487e+00
5.2955201291e+00
4.6596928737e+00
4.0979948211e+00
3.5995184205e+00
3.1600541237e+00
2.7709854968e+00
2.4285783573e+00
