1.0024684079e+04
9.5536827702e+03
9.1043805273e+03
8.6917954100e+03
8.3261753800e+03
8.0128543441e+03
7.7515060872e+03
7.5354594537e+03
7.3541399812e+03
7.1925521195e+03
7.0340199467e+03
6.8636110326e+03
6.6703332799e+03
6.4489837847e+03
6.2019427930e+03
5.9387475326e+03
5.6726488254e+03
5.4184482947e+03
5.1890612604e+03
4.9915431172e+03
4.8267738780e+03
4.6892536028e+03
4.5682291843e+03
4.4509861091e+03
4.3266751027e+03
4.1889069804e+03
4.0380938545e+03
3.8808114618e+03
3.7266072393e+03
3.5848709793e+03
3.4607826513e+03
3.3542252831e+03
3.2599102533e+03
3.1701624867e+03
3.0781452625e+03
2.9808470478e+03
2.8800758229e+03
2.7808510413e+03
2.6884575900e+03
2.6055379529e+03
2.5310048544e+03
2.4611371791e+03
2.3919898727e+03
2.3218336081e+03
2.2516941571e+03
2.1842531259e+03
2.1215722732e+03
2.0636864610e+03
2.0089659336e+03
1.9555278923e+03
1.9027163257e+03
1.8512970698e+03
1.8023927371e+03
1.7563369282e+03
1.7125023122e+03
1.6700469068e+03
1.6287000909e+03
1.5887999704e+03
1.5506942747e+03
1.5142843263e+03
1.4791888896e+03
1.4451789856e+03
1.4123253703e+03
1.3807355072e+03
1.3503272184e+03
1.3209336296e+03
1.2924993111e+03
1.2649811552e+03
1.2383360100e+03
1.2125208425e+03
1.1874899857e+03
1.1631869014e+03
1.1395610869e+03
1.1165752244e+03
1.0941861370e+03
1.0723534982e+03
1.0510397897e+03
1.0302090835e+03
1.0098269831e+03
9.8986049901e+02
9.7027754575e+02
9.5104432268e+02
9.3212502822e+02
9.1350110729e+02
8.9514799132e+02
8.7704324340e+02
8.5916513965e+02
8.4149341517e+02
8.2400940041e+02
8.0669592462e+02
7.8953726192e+02
7.7251966463e+02
7.5562134527e+02
7.3883927575e+02
7.2216325824e+02
7.0558853512e+02
6.8910875295e+02
6.7271920543e+02
6.5641660233e+02
6.4019891412e+02
6.2406529146e+02
6.0801691678e+02
5.9205244027e+02
5.7617693391e+02
5.6039470033e+02
5.4471602918e+02
5.2914561588e+02
5.1369064891e+02
4.9835910781e+02
4.8315972488e+02
4.6810186562e+02
4.5319560030e+02
4.3845204403e+02
4.2388087575e+02
4.0949795041e+02
3.9531639771e+02
3.8134330181e+02
3.6758866850e+02
3.5406308284e+02
3.4077678052e+02
3.2773962838e+02
3.1496141271e+02
3.0245311861e+02
2.9022044009e+02
2.7828217276e+02
2.6663968395e+02
2.5529811097e+02
2.4425875596e+02
2.3352572711e+02
2.2310229976e+02
2.1299093334e+02
2.0319314666e+02
1.9371290433e+02
1.8454761886e+02
1.7570259984e+02
1.6717628473e+02
1.5896361843e+02
1.5105660613e+02
1.4345065068e+02
1.3614132246e+02
1.2912353521e+02
1.2239153639e+02
1.1594124651e+02
1.0976731305e+02
1.0386236815e+02
9.8225829082e+01
9.2845324017e+01
8.7711065328e+01
8.2813967953e+01
7.8146463728e+01
7.3701061928e+01
6.9470220989e+01
6.5446985039e+01
6.1626378484e+01
5.7998031137e+01
5.4560499626e+01
5.1302071343e+01
4.8215339413e+01
4.5291284946e+01
4.2522784459e+01
3.9903305522e+01
3.7426368033e+01
3.5085820603e+01
3.2877332067e+01
3.0793398752e+01
2.8830137463e+01
2.6980894908e+01
2.5239446126e+01
2.3600094317e+01
2.2056878437e+01
2.0605052715e+01
1.9240047017e+01
1.7957376252e+01
1.6753705723e+01
1.5624395273e+01
1.4565807801e+01
1.3574182048e+01
1.2645237778e+01
1.1775405352e+01
1.0960927713e+01
1.0198589772e+01
9.4854343506e+00
8.8186459764e+00
8.1958071792e+00
7.6144120149e+00
7.0718296588e+00
6.5660279416e+00
6.0942652537e+00
5.6545268404e+00
5.2447295791e+00
4.8628851469e+00
4.5072135444e+00
4.1761439049e+00
3.8681481350e+00
3.5819533192e+00
3.3158546188e+00
3.0689047595e+00
2.8394210606e+00
2.6263360146e+00
2.4285783573e+00
