1.3486070980e+04
1.2859679298e+04
1.2262118489e+04
1.1713320306e+04
1.1226879460e+04
1.0809864196e+04
1.0461828166e+04
1.0173904364e+04
9.9320482527e+03
9.7163533113e+03
9.5046900849e+03
9.2772497349e+03
9.0194576324e+03
8.7244235326e+03
8.3953170239e+03
8.0447971136e+03
7.6904413629e+03
7.3518752156e+03
7.0462141306e+03
6.7827982183e+03
6.5627795937e+03
6.3788550795e+03
6.2167667869e+03
6.0596675401e+03
5.8931912510e+03
5.7088873322e+03
5.5073153280e+03
5.2971929235e+03
5.0911642054e+03
4.9016550757e+03
4.7355162106e+03
4.5925851525e+03
4.4658593449e+03
4.3451900952e+03
4.2215460975e+03
4.0909583166e+03
3.9558271154e+03
3.8227907853e+03
3.6988308238e+03
3.5874337478e+03
3.4871631644e+03
3.3931183098e+03
3.3000867874e+03
3.2057931699e+03
3.1115945882e+03
3.0210272456e+03
2.9368062306e+03
2.8589742130e+03
2.7853823628e+03
2.7135512058e+03
2.6426176674e+03
2.5736029751e+03
2.5079705469e+03
2.4461516720e+03
2.3873182201e+03
2.3303607348e+03
2.2749211499e+03
2.2214407317e+03
2.1703727450e+03
2.1215843136e+03
2.0745726047e+03
2.0290452153e+03
1.9850899799e+03
1.9428364373e+03
1.9021739555e+03
1.8628813511e+03
1.8248836678e+03
1.7881221960e+03
1.7525382708e+03
1.7180734800e+03
1.6846660439e+03
1.6522488349e+03
1.6207570448e+03
1.5901289438e+03
1.5603058552e+03
1.5312335075e+03
1.5028613988e+03
1.4751411819e+03
1.4480266073e+03
1.4214733985e+03
1.3954385563e+03
1.3698810365e+03
1.3447621501e+03
1.3200455332e+03
1.2956972623e+03
1.2716860802e+03
1.2479829319e+03
1.2245608610e+03
1.2013949996e+03
1.1784624179e+03
1.1557420908e+03
1.1332151102e+03
1.1108646772e+03
1.0886760822e+03
1.0666367807e+03
1.0447362898e+03
1.0229660509e+03
1.0013193868e+03
9.7979143408e+02
9.5837901244e+02
9.3708065602e+02
9.1589658161e+02
8.9482860969e+02
8.7388009729e+02
8.5305586511e+02
8.3236205361e+02
8.1180601331e+02
7.9139619646e+02
7.7114203645e+02
7.5105383097e+02
7.3114262972e+02
7.1142010944e+02
6.9189844541e+02
6.7259017737e+02
6.5350808421e+02
6.3466505899e+02
6.1607398164e+02
5.9774759553e+02
5.7969838951e+02
5.6193847853e+02
5.4447949318e+02
5.2733247739e+02
5.1050779346e+02
4.9401503635e+02
4.7786295993e+02
4.6205941219e+02
4.4661128148e+02
4.3152445310e+02
4.1680377996e+02
4.0245306643e+02
3.8847506267e+02
3.7487147121e+02
3.6164296602e+02
3.4878921973e+02
3.3630894133e+02
3.2419992381e+02
3.1245909872e+02
3.0108259677e+02
2.9006581636e+02
2.7940349399e+02
2.6908977625e+02
2.5911829308e+02
2.4948222979e+02
2.4017439617e+02
2.3118729364e+02
2.2251317848e+02
2.1414412021e+02
2.0607205584e+02
1.9828883908e+02
1.9078628367e+02
1.8355620165e+02
1.7659043659e+02
1.6988089177e+02
1.6341955414e+02
1.5719851451e+02
1.5120998413e+02
1.4544630830e+02
1.3989997770e+02
1.3456363727e+02
1.2943009309e+02
1.2449231779e+02
1.1974345442e+02
1.1517681907e+02
1.1078590268e+02
1.0656437194e+02
1.0250606942e+02
9.8605013391e+01
9.4855396966e+01
9.1251586838e+01
8.7788121590e+01
8.4459709723e+01
8.1261227326e+01
7.8187715550e+01
7.5234377908e+01
7.2396577391e+01
6.9669833451e+01
6.7049818893e+01
6.4532356642e+01
6.2113416438e+01
5.9789111456e+01
5.7555694887e+01
5.5409556508e+01
5.3347219198e+01
5.1365335436e+01
4.9460683804e+01
4.7630165469e+01
4.5870800678e+01
4.4179725269e+01
4.2554187196e+01
4.0991543076e+01
3.9489254775e+01
3.8044886014e+01
3.6656099015e+01
3.5320651180e+01
3.4036391813e+01
3.2801258892e+01
3.1613275877e+01
3.0470548579e+01
2.9371262074e+01
2.8313677670e+01
