5.5944676801e-03
5.3332089597e-03
5.0839811575e-03
4.8551061890e-03
4.6522614289e-03
4.4784002811e-03
4.3333391899e-03
4.2133787519e-03
4.1126572369e-03
4.0228642458e-03
3.9347597496e-03
3.8400712292e-03
3.7327105820e-03
3.6097978719e-03
3.4726542676e-03
3.3265648870e-03
3.1788705457e-03
3.0377692446e-03
2.9104123724e-03
2.8007045631e-03
2.7091301486e-03
2.6326406835e-03
2.5652803950e-03
2.5000095368e-03
2.4308231040e-03
2.3541867387e-03
2.2703314266e-03
2.1828989575e-03
2.0971741416e-03
2.0183525585e-03
1.9492995040e-03
1.8899486301e-03
1.8373727856e-03
1.7873268308e-03
1.7360311701e-03
1.6818228250e-03
1.6257037977e-03
1.5704505756e-03
1.5189848316e-03
1.4727665151e-03
1.4311944900e-03
1.3922146353e-03
1.3536458055e-03
1.3145338361e-03
1.2754462264e-03
1.2378641448e-03
1.2029256072e-03
1.1706491661e-03
1.1401346818e-03
1.1103428838e-03
1.0809118361e-03
1.0522668489e-03
1.0250244888e-03
9.9936722925e-04
9.7494838085e-04
9.5130305877e-04
9.2828153834e-04
9.0606961368e-04
8.8485824957e-04
8.6459236860e-04
8.4506137607e-04
8.2614074440e-04
8.0786841574e-04
7.9030124894e-04
7.7339338316e-04
7.5705241071e-04
7.4124732509e-04
7.2595392462e-04
7.1114800395e-04
6.9680544351e-04
6.8290069424e-04
6.6940403001e-04
6.5628789405e-04
6.4352912676e-04
6.3110351090e-04
6.1898853786e-04
6.0716326335e-04
5.9560763618e-04
5.8430246817e-04
5.7322936835e-04
5.6237046313e-04
5.5170778634e-04
5.4122325361e-04
5.3090421123e-04
5.2073676561e-04
5.1070817396e-04
5.0080634211e-04
4.9102001840e-04
4.8133882685e-04
4.7175320966e-04
4.6225440672e-04
4.5283464641e-04
4.4348424851e-04
4.3419937525e-04
4.2497455851e-04
4.1580630882e-04
4.0669105960e-04
3.9762609091e-04
3.8860945294e-04
3.7963989361e-04
3.7071683860e-04
3.6184063686e-04
3.5301120175e-04
3.4423060712e-04
3.3550102157e-04
3.2682661518e-04
3.1821017899e-04
3.0965542462e-04
3.0116648487e-04
2.9274786994e-04
2.8440441873e-04
2.7614130094e-04
2.6796409621e-04
2.5987799835e-04
2.5189012986e-04
2.4400686737e-04
2.3623273676e-04
2.2857305472e-04
2.2103330299e-04
2.1361880558e-04
2.0633468650e-04
1.9918593519e-04
1.9217778930e-04
1.8531370780e-04
1.7860115582e-04
1.7204193751e-04
1.6563890181e-04
1.5939352482e-04
1.5330798687e-04
1.4738402759e-04
1.4162295024e-04
1.3602558364e-04
1.3059340353e-04
1.2532551014e-04
1.2022364717e-04
1.1528710631e-04
1.1051379009e-04
1.0590053478e-04
1.0144518108e-04
9.7145518550e-05
9.2999033394e-05
8.9002893166e-05
8.5154829310e-05
8.1452049882e-05
7.7891070540e-05
7.4470906529e-05
7.1186057632e-05
6.8032089036e-05
6.5004684277e-05
6.2100097524e-05
5.9314615696e-05
5.6644523431e-05
5.4086358016e-05
5.1637476427e-05
4.9293000949e-05
4.7051840763e-05
4.4908528241e-05
4.2859518979e-05
4.0900479714e-05
3.9027888808e-05
3.7238496808e-05
3.5529082683e-05
3.3896578205e-05
3.2338803869e-05
3.0852074911e-05
2.9434446171e-05
2.8082639685e-05
2.6793591291e-05
2.5564483423e-05
2.4392293298e-05
2.3274593427e-05
2.2209034762e-05
2.1193298747e-05
2.0225703190e-05
1.9303793173e-05
1.8425690738e-05
1.7589414866e-05
1.6792681133e-05
1.6033609359e-05
1.5310140468e-05
1.4620514086e-05
1.3963104279e-05
1.3336359200e-05
1.2738979846e-05
1.2169587084e-05
1.1626698150e-05
1.1109223982e-05
1.0615526963e-05
1.0144479680e-05
9.6948513816e-06
9.2654580925e-06
8.8552435469e-06
8.4633063737e-06
8.0887646467e-06
7.7309729337e-06
7.3888332758e-06
7.0619615750e-06
6.7492049301e-06
6.4499537222e-06
6.1635603780e-06
