2.6643378718e-05
2.5405865521e-05
2.4225311231e-05
2.3141093458e-05
2.2180070216e-05
2.1356205680e-05
2.0668618036e-05
2.0099789435e-05
1.9621973177e-05
1.9195841502e-05
1.8777674973e-05
1.8328338810e-05
1.7819039057e-05
1.7236163195e-05
1.6585973131e-05
1.5893478280e-05
1.5193405258e-05
1.4524526524e-05
1.3920655755e-05
1.3400245480e-05
1.2965571842e-05
1.2602206522e-05
1.2281981323e-05
1.1971612593e-05
1.1642718371e-05
1.1278603492e-05
1.0880373403e-05
1.0465250955e-05
1.0058216084e-05
9.6838176751e-06
9.3555900757e-06
9.0732123308e-06
8.8228500354e-06
8.5844532092e-06
8.3401794054e-06
8.0821873107e-06
7.8152191347e-06
7.5523896323e-06
7.3074916033e-06
7.0874130877e-06
6.8893163158e-06
6.7035192307e-06
6.5197241069e-06
6.3334355604e-06
6.1473347686e-06
5.9684079328e-06
5.8020190414e-06
5.6482523941e-06
5.5028627147e-06
5.3609514996e-06
5.2208136397e-06
5.0844666943e-06
4.9548018242e-06
4.8326710940e-06
4.7164384313e-06
4.6039119694e-06
4.4943843050e-06
4.3887272135e-06
4.2878361746e-06
4.1914486755e-06
4.0985713085e-06
4.0086263957e-06
3.9217874650e-06
3.8383104361e-06
3.7579767419e-06
3.6803494076e-06
3.6052803480e-06
3.5326535751e-06
3.4623531890e-06
3.3942637896e-06
3.3282633234e-06
3.2642191717e-06
3.2020032978e-06
3.1414937473e-06
3.0825745969e-06
3.0251386268e-06
2.9690860642e-06
2.9143213934e-06
2.8607532429e-06
2.8082941392e-06
2.7568591317e-06
2.7063671329e-06
2.6567417080e-06
2.6079110155e-06
2.5598080356e-06
2.5123710156e-06
2.4655425540e-06
2.4192693952e-06
2.3735024092e-06
2.3281962961e-06
2.2833095177e-06
2.2388047188e-06
2.1946487114e-06
2.1508124346e-06
2.1072711054e-06
2.0640040134e-06
2.0209942503e-06
1.9782286242e-06
1.9356975268e-06
1.8933946752e-06
1.8513171734e-06
1.8094654496e-06
1.7678431005e-06
1.7264567582e-06
1.6853159467e-06
1.6444327971e-06
1.6038218314e-06
1.5634997479e-06
1.5234851835e-06
1.4837984825e-06
1.4444614750e-06
1.4054972298e-06
1.3669298006e-06
1.3287839611e-06
1.2910849578e-06
1.2538582624e-06
1.2171293207e-06
1.1809233088e-06
1.1452649001e-06
1.1101780290e-06
1.0756856732e-06
1.0418096513e-06
1.0085704353e-06
9.7598698131e-07
9.4407658355e-07
9.1285474672e-07
8.8233507961e-07
8.5252920933e-07
8.2344672342e-07
7.9509513784e-07
7.6747988589e-07
7.4060433113e-07
7.1446980507e-07
6.8907566091e-07
6.6441934817e-07
6.4049650659e-07
6.1730107406e-07
5.9482540636e-07
5.7306041246e-07
5.5199569365e-07
5.3161968583e-07
5.1191980417e-07
4.9288258540e-07
4.7449382440e-07
4.5673870678e-07
4.3960193392e-07
4.2306783817e-07
4.0712049010e-07
3.9174379571e-07
3.7692158209e-07
3.6263767288e-07
3.4887595407e-07
3.3562042962e-07
3.2285526876e-07
3.1056484591e-07
2.9873377347e-07
2.8734692861e-07
2.7638947578e-07
2.6584688414e-07
2.5570494125e-07
2.4594976366e-07
2.3656780464e-07
2.2754585932e-07
2.1887106824e-07
2.1053091916e-07
2.0251324737e-07
1.9480623520e-07
1.8739841044e-07
1.8027864382e-07
1.7343614563e-07
1.6686046187e-07
1.6054146963e-07
1.5446937210e-07
1.4863469324e-07
1.4302827207e-07
1.3764125671e-07
1.3246509827e-07
1.2749154443e-07
1.2271263291e-07
1.1812068482e-07
1.1370829788e-07
1.0946833965e-07
1.0539394066e-07
1.0147848747e-07
9.7715615776e-08
9.4099203455e-08
9.0623363642e-08
8.7282437836e-08
8.4070989033e-08
8.0983794909e-08
7.8015841069e-08
7.5162314348e-08
7.2418596179e-08
6.9780256037e-08
6.7243044960e-08
6.4802889170e-08
6.2455883773e-08
6.0198286567e-08
5.8026511947e-08
5.5937124916e-08
