1.2756178100e-04
1.3068124583e-04
1.3380013977e-04
1.3691183215e-04
1.4000922272e-04
1.4308469305e-04
1.4613006075e-04
1.4913668515e-04
1.5209524324e-04
1.5499597901e-04
1.5782871911e-04
1.6058246836e-04
1.6324567046e-04
1.6580631351e-04
1.6825178891e-04
1.7056887079e-04
1.7274408199e-04
1.7476328384e-04
1.7661190883e-04
1.7827513443e-04
1.7973785548e-04
1.8098482607e-04
1.8200079958e-04
1.8277065553e-04
1.8327957613e-04
1.8351329285e-04
1.8345832304e-04
1.8310228879e-04
1.8243417529e-04
1.8144462726e-04
1.8012643733e-04
1.7847485106e-04
1.7648799508e-04
1.7416729526e-04
1.7151786119e-04
1.6854893617e-04
1.6527412669e-04
1.6171169136e-04
1.5788472904e-04
1.5382120274e-04
1.4955389359e-04
1.4512009056e-04
1.4056112344e-04
1.3592172761e-04
1.3124921784e-04
1.2659244920e-04
1.2200041652e-04
1.1752081426e-04
1.1319864846e-04
1.0907437003e-04
1.0518200761e-04
1.0154748936e-04
9.8186956913e-05
9.5104880237e-05
9.2292592756e-05
8.9727033847e-05
8.7370475953e-05
8.5170084068e-05
8.3059480911e-05
8.0961664163e-05
7.8793561332e-05
7.6473167206e-05
7.3928138640e-05
7.1106577967e-05
6.7982047762e-05
6.4568323675e-05
6.0932689465e-05
5.7173997466e-05
5.3413551875e-05
4.9791070703e-05
4.6452050821e-05
4.3506315921e-05
4.1024255960e-05
3.9015651848e-05
3.7428911425e-05
3.6158443526e-05
3.5037379285e-05
3.3879527372e-05
3.2530239236e-05
3.0888804743e-05
2.8960237201e-05
2.6866474493e-05
2.4794135878e-05
2.2940603549e-05
2.1443239547e-05
2.0329292522e-05
1.9507288415e-05
1.8799189738e-05
1.8011770727e-05
1.7030975638e-05
1.5884014924e-05
1.4718693020e-05
1.3707563800e-05
1.2935211138e-05
1.2355068990e-05
1.1826173003e-05
1.1224172414e-05
1.0536378770e-05
9.8593916594e-06
9.2942336177e-06
8.8487137492e-06
8.4440840443e-06
8.0108808380e-06
7.5634462392e-06
7.1626983949e-06
6.8266851400e-06
6.5159011329e-06
6.2011342723e-06
5.9007708788e-06
5.6357219065e-06
5.3930826050e-06
5.1573912240e-06
4.9362182388e-06
4.7351620823e-06
4.5460827791e-06
4.3669061410e-06
4.2008953296e-06
4.0453273055e-06
3.8984046294e-06
3.7608193049e-06
3.6311240587e-06
3.5085022878e-06
3.3923970798e-06
3.2822282216e-06
3.1773730249e-06
3.0772467186e-06
2.9813226106e-06
2.8891286991e-06
2.8002276049e-06
2.7142094072e-06
2.6306954616e-06
2.5493448025e-06
2.4698565200e-06
2.3919657676e-06
2.3154407209e-06
2.2400809163e-06
2.1657192437e-06
2.0922224773e-06
2.0194907794e-06
1.9474551177e-06
1.8760752504e-06
1.8053382557e-06
1.7352576052e-06
1.6658712504e-06
1.5972388581e-06
1.5294386601e-06
1.4625643316e-06
1.3967218368e-06
1.3320260722e-06
1.2685973490e-06
1.2065579723e-06
1.1460288596e-06
1.0871262934e-06
1.0299588655e-06
9.7462477176e-07
9.2120951678e-07
8.6978409084e-07
8.2040362999e-07
7.7310664101e-07
7.2791478612e-07
6.8483320074e-07
6.4385128302e-07
6.0494391522e-07
5.6807302807e-07
5.3318942882e-07
5.0023474161e-07
4.6914335732e-07
4.3984429119e-07
4.1226289051e-07
3.8632234051e-07
3.6194494182e-07
3.3905314473e-07
3.1757035696e-07
2.9742155449e-07
2.7853372971e-07
2.6083621277e-07
2.4426089056e-07
2.2874234726e-07
2.1421794417e-07
2.0062785626e-07
1.8791507597e-07
1.7602539361e-07
1.6490735674e-07
1.5451221424e-07
1.4479384840e-07
1.3570869888e-07
1.2721568028e-07
1.1927609504e-07
1.1185354267e-07
1.0491382709e-07
9.8424862586e-08
9.2356578949e-08
8.6680826576e-08
8.1371282064e-08
7.6403354752e-08
7.1754094603e-08
6.7402101587e-08
6.3327436874e-08
5.9511536110e-08
5.5937124916e-08
