6.4079666061e+01
6.5579860890e+01
6.7115177384e+01
6.8686437789e+01
7.0294483603e+01
7.1940176024e+01
7.3624396413e+01
7.5348046762e+01
7.7112050183e+01
7.8917351397e+01
8.0764917243e+01
8.2655737197e+01
8.4590823897e+01
8.6571213689e+01
8.8597967184e+01
9.0672169819e+01
9.2794932447e+01
9.4967391924e+01
9.7190711723e+01
9.9466082556e+01
1.0179472301e+02
1.0417788020e+02
1.0661683045e+02
1.0911287994e+02
1.1166736544e+02
1.1428165504e+02
1.1695714882e+02
1.1969527966e+02
1.2249751398e+02
1.2536535254e+02
1.2830033121e+02
1.3130402186e+02
1.3437803311e+02
1.3752401128e+02
1.4074364121e+02
1.4403864718e+02
1.4741079387e+02
1.5086188724e+02
1.5439377555e+02
1.5800835031e+02
1.6170754733e+02
1.6549334775e+02
1.6936777906e+02
1.7333291624e+02
1.7739088284e+02
1.8154385213e+02
1.8579404825e+02
1.9014374742e+02
1.9459527915e+02
1.9915102748e+02
2.0381343226e+02
2.0858499048e+02
2.1346825756e+02
2.1846584878e+02
2.2358044061e+02
2.2881477221e+02
2.3417164685e+02
2.3965393343e+02
2.4526456804e+02
2.5100655546e+02
2.5688297086e+02
2.6289696139e+02
2.6905174786e+02
2.7535062652e+02
2.8179697075e+02
2.8839423295e+02
2.9514594630e+02
3.0205572673e+02
3.0912727481e+02
3.1636437774e+02
3.2377091140e+02
3.3135084239e+02
3.3910823020e+02
3.4704722934e+02
3.5517209157e+02
3.6348716823e+02
3.7199691248e+02
3.8070588178e+02
3.8961874026e+02
3.9874026126e+02
4.0807532985e+02
4.1762894549e+02
4.2740622466e+02
4.3741240365e+02
4.4765284132e+02
4.5813302199e+02
4.6885855839e+02
4.7983519463e+02
4.9106880931e+02
5.0256541867e+02
5.1433117977e+02
5.2637239384e+02
5.3869550960e+02
5.5130712679e+02
5.6421399962e+02
5.7742304044e+02
5.9094132342e+02
6.0477608837e+02
6.1893474456e+02
6.3342487474e+02
6.4825423918e+02
6.6343077984e+02
6.7896262460e+02
6.9485809162e+02
7.1112569381e+02
7.2777414337e+02
7.4481235649e+02
7.6224945806e+02
7.8009478662e+02
7.9835789935e+02
8.1704857716e+02
8.3617682994e+02
8.5575290194e+02
8.7578727723e+02
8.9629068533e+02
9.1727410697e+02
9.3874877993e+02
9.6072620509e+02
9.8321815259e+02
1.0062366681e+03
1.0297940794e+03
1.0539030027e+03
1.0785763496e+03
1.1038273342e+03
1.1296694798e+03
1.1561166263e+03
1.1831829375e+03
1.2108829090e+03
1.2392313757e+03
1.2682435197e+03
1.2979348787e+03
1.3283213541e+03
1.3594192194e+03
1.3912451294e+03
1.4238161286e+03
1.4571496605e+03
1.4912635771e+03
1.5261761483e+03
1.5619060718e+03
1.5984724829e+03
1.6358949650e+03
1.6741935598e+03
1.7133887784e+03
1.7535016121e+03
1.7945535434e+03
1.8365665580e+03
1.8795631562e+03
1.9235663651e+03
1.9685997507e+03
2.0146874310e+03
2.0618540886e+03
2.1101249838e+03
2.1595259683e+03
2.2100834991e+03
2.2618246525e+03
2.3147771390e+03
2.3689693174e+03
2.4244302106e+03
2.4811895212e+03
2.5392776467e+03
2.5987256968e+03
2.6595655090e+03
2.7218296666e+03
2.7855515154e+03
2.8507651820e+03
2.9175055920e+03
2.9858084885e+03
3.0557104517e+03
3.1272489178e+03
3.2004621997e+03
3.2753895071e+03
3.3520709679e+03
3.4305476493e+03
3.5108615797e+03
3.5930557719e+03
3.6771742454e+03
3.7632620502e+03
3.8513652913e+03
3.9415311528e+03
4.0338079235e+03
4.1282450229e+03
4.2248930271e+03
4.3238036966e+03
4.4250300035e+03
4.5286261603e+03
4.6346476483e+03
4.7431512480e+03
4.8541950691e+03
4.9678385818e+03
5.0841426484e+03
5.2031695563e+03
5.3249830510e+03
5.4496483705e+03
5.5772322798e+03
5.7078031073e+03
5.8414307810e+03
5.9781868659e+03
6.1181446025e+03
6.2613789459e+03
6.4079666061e+03
