1.0000000000e-01
1.0234114021e-01
1.0473708980e-01
1.0718913192e-01
1.0969857979e-01
1.1226677735e-01
1.1489510002e-01
1.1758495541e-01
1.2033778408e-01
1.2315506033e-01
1.2603829297e-01
1.2898902613e-01
1.3200884008e-01
1.3509935212e-01
1.3826221738e-01
1.4149912974e-01
1.4481182277e-01
1.4820207058e-01
1.5167168885e-01
1.5522253574e-01
1.5885651294e-01
1.6257556664e-01
1.6638168861e-01
1.7027691722e-01
1.7426333860e-01
1.7834308769e-01
1.8251834943e-01
1.8679135990e-01
1.9116440754e-01
1.9563983435e-01
2.0022003718e-01
2.0490746898e-01
2.0970464013e-01
2.1461411979e-01
2.1963853724e-01
2.2478058335e-01
2.3004301198e-01
2.3542864143e-01
2.4094035602e-01
2.4658110758e-01
2.5235391704e-01
2.5826187607e-01
2.6430814870e-01
2.7049597305e-01
2.7682866304e-01
2.8330961018e-01
2.8994228539e-01
2.9673024082e-01
3.0367711180e-01
3.1078661878e-01
3.1806256928e-01
3.2550885998e-01
3.3312947879e-01
3.4092850697e-01
3.4891012134e-01
3.5707859649e-01
3.6543830710e-01
3.7399373025e-01
3.8274944785e-01
3.9171014908e-01
4.0088063289e-01
4.1026581058e-01
4.1987070844e-01
4.2970047043e-01
4.3976036093e-01
4.5005576757e-01
4.6059220411e-01
4.7137531341e-01
4.8241087042e-01
4.9370478528e-01
5.0526310653e-01
5.1709202429e-01
5.2919787360e-01
5.4158713781e-01
5.5426645207e-01
5.6724260685e-01
5.8052255161e-01
5.9411339850e-01
6.0802242616e-01
6.2225708367e-01
6.3682499447e-01
6.5173396049e-01
6.6699196630e-01
6.8260718343e-01
6.9858797468e-01
7.1494289866e-01
7.3168071434e-01
7.4881038576e-01
7.6634108680e-01
7.8428220613e-01
8.0264335223e-01
8.2143435849e-01
8.4066528856e-01
8.6034644167e-01
8.8048835816e-01
9.0110182517e-01
9.2219788233e-01
9.4378782778e-01
9.6588322412e-01
9.8849590466e-01
1.0116379798e+00
1.0353218433e+00
1.0595601793e+00
1.0843659687e+00
1.1097524964e+00
1.1357333583e+00
1.1623224687e+00
1.1895340674e+00
1.2173827277e+00
1.2458833643e+00
1.2750512407e+00
1.3049019780e+00
1.3354515629e+00
1.3667163565e+00
1.3987131026e+00
1.4314589375e+00
1.4649713983e+00
1.4992684328e+00
1.5343684089e+00
1.5702901247e+00
1.6070528183e+00
1.6446761780e+00
1.6831803533e+00
1.7225859654e+00
1.7629141181e+00
1.8041864094e+00
1.8464249429e+00
1.8896523397e+00
1.9338917505e+00
1.9791668679e+00
2.0255019392e+00
2.0729217796e+00
2.1214517849e+00
2.1711179457e+00
2.2219468609e+00
2.2739657524e+00
2.3272024790e+00
2.3816855520e+00
2.4374441501e+00
2.4945081352e+00
2.5529080682e+00
2.6126752256e+00
2.6738416158e+00
2.7364399971e+00
2.8005038942e+00
2.8660676169e+00
2.9331662784e+00
3.0018358136e+00
3.0721129989e+00
3.1440354716e+00
3.2176417503e+00
3.2929712551e+00
3.3700643293e+00
3.4489622604e+00
3.5297073027e+00
3.6123426997e+00
3.6969127072e+00
3.7834626171e+00
3.8720387818e+00
3.9626886387e+00
4.0554607358e+00
4.1504047579e+00
4.2475715525e+00
4.3470131581e+00
4.4487828311e+00
4.5529350749e+00
4.6595256687e+00
4.7686116977e+00
4.8802515837e+00
4.9945051159e+00
5.1114334834e+00
5.2310993081e+00
5.3535666774e+00
5.4789011796e+00
5.6071699382e+00
5.7384416483e+00
5.8727866132e+00
6.0102767821e+00
6.1509857886e+00
6.2949889902e+00
6.4423635087e+00
6.5931882713e+00
6.7475440531e+00
6.9055135202e+00
7.0671812739e+00
7.2326338965e+00
7.4019599969e+00
7.5752502588e+00
7.7525974886e+00
7.9340966658e+00
8.1198449932e+00
8.3099419494e+00
8.5044893418e+00
8.7035913615e+00
8.9073546386e+00
9.1158882998e+00
9.3293040263e+00
9.5477161142e+00
9.7712415353e+00
1.0000000000e+01
