5.5989592361e+04
5.7358185887e+04
5.8726469845e+04
6.0091530679e+04
6.1450248803e+04
6.2799277271e+04
6.4135021764e+04
6.5453687011e+04
6.6751178516e+04
6.8023212091e+04
6.9265320799e+04
7.0472677465e+04
7.1640209233e+04
7.2762643989e+04
7.3834448491e+04
7.4849819457e+04
7.5802844335e+04
7.6687321278e+04
7.7496861373e+04
7.8224965018e+04
7.8865009814e+04
7.9410312875e+04
7.9854192258e+04
8.0190022587e+04
8.0411312417e+04
8.0511812298e+04
8.0485618422e+04
8.0327312272e+04
8.0032073714e+04
7.9595810686e+04
7.9015373178e+04
7.8288686639e+04
7.7414939490e+04
7.6394766252e+04
7.5230415963e+04
7.3925949449e+04
7.2487339911e+04
7.0922599756e+04
6.9241863354e+04
6.7457397862e+04
6.5583583490e+04
6.3636777900e+04
6.1635111867e+04
5.9598211138e+04
5.7546834391e+04
5.5502417676e+04
5.3486460008e+04
5.1519891414e+04
4.9622463672e+04
4.7811930754e+04
4.6103228898e+04
4.4507739562e+04
4.3032548884e+04
4.1679619657e+04
4.0445147861e+04
3.9319010210e+04
3.8284644009e+04
3.7318853395e+04
3.6392496169e+04
3.5471764271e+04
3.4520183285e+04
3.3501745949e+04
3.2384685690e+04
3.1146211380e+04
2.9774709481e+04
2.8276222439e+04
2.6680287644e+04
2.5030305344e+04
2.3379536738e+04
2.1789332158e+04
2.0323584113e+04
1.9030525020e+04
1.7941075040e+04
1.7059541394e+04
1.6363279990e+04
1.5805930410e+04
1.5314215013e+04
1.4806361019e+04
1.4214439091e+04
1.3494201224e+04
1.2647831591e+04
1.1728876413e+04
1.0819305401e+04
1.0005832706e+04
9.3488217068e+03
8.8602696656e+03
8.5000109618e+03
8.1898313297e+03
7.8448197558e+03
7.4148350224e+03
6.9118125886e+03
6.4007048651e+03
5.9573697841e+03
5.6190181071e+03
5.3652018483e+03
5.1339483704e+03
4.8705542287e+03
4.5694170024e+03
4.2730105148e+03
4.0257919666e+03
3.8312053444e+03
3.6545982708e+03
3.4653691978e+03
3.2698156611e+03
3.0947563716e+03
2.9481444275e+03
2.8125759794e+03
2.6751603474e+03
2.5440070206e+03
2.4283232907e+03
2.3224418165e+03
2.2195180986e+03
2.1229247727e+03
2.0351054752e+03
1.9525104494e+03
1.8741890406e+03
1.8016297195e+03
1.7335980724e+03
1.6693400784e+03
1.6091364250e+03
1.5523800423e+03
1.4986911888e+03
1.4478473728e+03
1.3995809224e+03
1.3536311069e+03
1.3097365079e+03
1.2676685805e+03
1.2272248979e+03
1.1882057793e+03
1.1504459957e+03
1.1137607557e+03
1.0780244956e+03
1.0430783441e+03
1.0088363052e+03
9.7516485131e+02
9.4200953477e+02
9.0926415612e+02
8.7690213200e+02
8.4485265748e+02
8.1310925544e+02
7.8163851262e+02
7.5044881417e+02
7.1953869760e+02
6.8893414236e+02
6.5865809804e+02
6.2875433693e+02
5.9925899158e+02
5.7023342254e+02
5.4171733947e+02
5.1378598365e+02
4.8647470876e+02
4.5986635087e+02
4.3398483985e+02
4.0891851783e+02
3.8467490777e+02
3.6133298933e+02
3.3888927151e+02
3.1740465214e+02
2.9686771960e+02
2.7731668442e+02
2.5873206109e+02
2.4112754949e+02
2.2448080847e+02
2.0878026524e+02
1.9400673354e+02
1.8012218028e+02
1.6711499288e+02
1.5492665038e+02
1.4355322426e+02
1.3292313225e+02
1.2303629310e+02
1.1381565478e+02
1.0526409506e+02
9.7304676134e+01
8.9940026856e+01
8.3098948820e+01
7.6778016665e+01
7.0918255337e+01
6.5510188860e+01
6.0505938146e+01
5.5891610694e+01
5.1628672171e+01
4.7700092221e+01
4.4075832982e+01
4.0735873275e+01
3.7658013624e+01
3.4820229198e+01
3.2206756284e+01
2.9795252171e+01
2.7574446855e+01
2.5523184409e+01
2.3633184388e+01
2.1885159300e+01
2.0272784664e+01
1.8778911093e+01
1.7399467841e+01
1.6119083004e+01
1.4934821306e+01
1.3834030484e+01
1.2814106673e+01
