1.1630956985e+04
1.1087797365e+04
1.0569650150e+04
1.0093816690e+04
9.6721003063e+03
9.3106411564e+03
9.0090576265e+03
8.7596586175e+03
8.5502575315e+03
8.3635769612e+03
8.1804067894e+03
7.9835483624e+03
7.7603444509e+03
7.5048076374e+03
7.2196846456e+03
6.9159632910e+03
6.6089052063e+03
6.3155541214e+03
6.0507778482e+03
5.8226941621e+03
5.6323099938e+03
5.4732875937e+03
5.3332448474e+03
5.1975460487e+03
5.0537067292e+03
4.8943789219e+03
4.7200428485e+03
4.5382698282e+03
4.3600470368e+03
4.1961761388e+03
4.0526141141e+03
3.9292230249e+03
3.8199172927e+03
3.7158712278e+03
3.6092270112e+03
3.4965272932e+03
3.3798552468e+03
3.2649832185e+03
3.1579853969e+03
3.0618970322e+03
2.9754683559e+03
2.8944288292e+03
2.8142438274e+03
2.7329296328e+03
2.6516660823e+03
2.5735325404e+03
2.5008949544e+03
2.4337918948e+03
2.3703519619e+03
2.3084145013e+03
2.2472270446e+03
2.1876738156e+03
2.1310366633e+03
2.0776949516e+03
2.0269279096e+03
1.9777690370e+03
1.9299070546e+03
1.8837282302e+03
1.8396295818e+03
1.7974966027e+03
1.7568914643e+03
1.7175552726e+03
1.6795669097e+03
1.6430445857e+03
1.6078929554e+03
1.5739199023e+03
1.5410609635e+03
1.5092658235e+03
1.4784841591e+03
1.4486658255e+03
1.4197577060e+03
1.3916979995e+03
1.3644294153e+03
1.3379038042e+03
1.3120708186e+03
1.2868836625e+03
1.2622987928e+03
1.2382745227e+03
1.2147709598e+03
1.1917498692e+03
1.1691740913e+03
1.1470062744e+03
1.1252088209e+03
1.1037554236e+03
1.0826171975e+03
1.0617676503e+03
1.0411816380e+03
1.0208357684e+03
1.0007084696e+03
9.8077987090e+02
9.6103175996e+02
9.4144797948e+02
9.2200840417e+02
9.0270505529e+02
8.8352656452e+02
8.6446567726e+02
8.4551497853e+02
8.2666881353e+02
8.0792312862e+02
7.8927532069e+02
7.7072419574e+02
7.5227047922e+02
7.3391399102e+02
7.1565904269e+02
6.9751014277e+02
6.7947596091e+02
6.6156229969e+02
6.4377687563e+02
6.2612828085e+02
6.0862589212e+02
5.9127976954e+02
5.7410066098e+02
5.5710016659e+02
5.4028908433e+02
5.2368222194e+02
5.0729283655e+02
4.9113033746e+02
4.7520577816e+02
4.5953055523e+02
4.4411573735e+02
4.2897197739e+02
4.1410964843e+02
3.9953963962e+02
3.8526914220e+02
3.7131367623e+02
3.5767699256e+02
3.4436501418e+02
3.3138080992e+02
3.1872891268e+02
3.0641293921e+02
2.9443559897e+02
2.8279861510e+02
2.7150505569e+02
2.6055305007e+02
2.4994622345e+02
2.3968310322e+02
2.2975932872e+02
2.2016832254e+02
2.1090559548e+02
2.0196655198e+02
1.9334596585e+02
1.8503794841e+02
1.7703778329e+02
1.6933966602e+02
1.6193635262e+02
1.5482579577e+02
1.4799656046e+02
1.4143942667e+02
1.3514542042e+02
1.2910675409e+02
1.2331570816e+02
1.1776455833e+02
1.1244610561e+02
1.0735485510e+02
1.0248066599e+02
9.7821270453e+01
9.3365301239e+01
8.9105389493e+01
8.5032526314e+01
8.1139390179e+01
7.7419225443e+01
7.3865335548e+01
7.0471341615e+01
6.7232712431e+01
6.4141787334e+01
6.1194522315e+01
5.8384102453e+01
5.5704157320e+01
5.3148829172e+01
5.0711833606e+01
4.8388123853e+01
4.6172816211e+01
4.4061090383e+01
4.2049449072e+01
4.0132788476e+01
3.8307204303e+01
3.6568577995e+01
3.4912160208e+01
3.3334042028e+01
3.1829942616e+01
3.0396202134e+01
2.9029440248e+01
2.7726430656e+01
2.6484472714e+01
2.5300699189e+01
2.4172027402e+01
2.3096193180e+01
2.2069791898e+01
2.1090479655e+01
2.0155697708e+01
1.9262984556e+01
1.8410144213e+01
1.7595302719e+01
1.6816626540e+01
1.6072773816e+01
1.5361461879e+01
1.4681892184e+01
1.4031667839e+01
1.3409521439e+01
1.2814106673e+01
