6.4567908267e+04
6.6146886838e+04
6.7725576448e+04
6.9300620839e+04
7.0868426092e+04
7.2425135980e+04
7.3966608836e+04
7.5488471003e+04
7.6986003457e+04
7.8454268008e+04
7.9888115213e+04
8.1281979641e+04
8.2630011843e+04
8.3926131767e+04
8.5163957315e+04
8.6336793951e+04
8.7437819948e+04
8.8459878741e+04
8.9395596693e+04
9.0237471097e+04
9.0977856170e+04
9.1609034899e+04
9.2123289902e+04
9.2512967657e+04
9.2770567846e+04
9.2888868166e+04
9.2861044115e+04
9.2680830364e+04
9.2342651556e+04
9.1841772326e+04
9.1174544529e+04
9.0338561603e+04
8.9332875309e+04
8.8158207380e+04
8.6817144135e+04
8.5314364252e+04
8.3656754926e+04
8.1853558109e+04
7.9916465741e+04
7.7859631856e+04
7.5699649269e+04
7.3455392526e+04
7.1147781511e+04
6.8799459923e+04
6.6434377061e+04
6.4077261879e+04
6.1752914082e+04
5.9485475157e+04
5.7297725794e+04
5.5210141024e+04
5.3239945112e+04
5.1400262101e+04
4.9699262406e+04
4.8139208583e+04
4.6715713876e+04
4.5417105695e+04
4.4224287496e+04
4.3110515799e+04
4.2042192434e+04
4.0980341163e+04
3.9882913206e+04
3.8708400010e+04
3.7420183667e+04
3.5991995151e+04
3.4410452639e+04
3.2682528946e+04
3.0842281073e+04
2.8939745076e+04
2.7036321464e+04
2.5202731260e+04
2.3512620572e+04
2.2021578825e+04
2.0765235282e+04
1.9748540744e+04
1.8945380822e+04
1.8302308468e+04
1.7734859719e+04
1.7148790165e+04
1.6465821395e+04
1.5634976993e+04
1.4658794541e+04
1.3598995302e+04
1.2550040289e+04
1.1611838389e+04
1.0853918103e+04
1.0290071872e+04
9.8739983012e+03
9.5155802070e+03
9.1170125633e+03
8.6205638088e+03
8.0400070495e+03
7.4501564124e+03
6.9383534398e+03
6.5474119254e+03
6.2537615493e+03
5.9860504268e+03
5.6813359699e+03
5.3331956684e+03
4.9905253065e+03
4.7044594308e+03
4.4789507731e+03
4.2741394772e+03
4.0548651408e+03
3.8283873047e+03
3.6255408891e+03
3.4554611610e+03
3.2981517138e+03
3.1388262668e+03
2.9867914184e+03
2.8526316599e+03
2.7298149977e+03
2.6105151624e+03
2.4985640991e+03
2.3967955649e+03
2.3010893509e+03
2.2103955660e+03
2.1263659236e+03
2.0476221037e+03
1.9732542970e+03
1.9036127747e+03
1.8379649710e+03
1.7758975462e+03
1.7171286081e+03
1.6613644703e+03
1.6082899470e+03
1.5576090447e+03
1.5090551678e+03
1.4623894034e+03
1.4173903633e+03
1.3738505581e+03
1.3315783294e+03
1.2904010908e+03
1.2501665308e+03
1.2107405921e+03
1.1720059323e+03
1.1338610826e+03
1.0962214572e+03
1.0590196211e+03
1.0222050395e+03
9.8574277031e+02
9.4961244438e+02
9.1380752112e+02
8.7833481933e+02
8.4321354903e+02
8.0847391171e+02
7.7415550588e+02
7.4030574718e+02
7.0697827144e+02
6.7423123575e+02
6.4212553800e+02
6.1072308542e+02
5.8008508269e+02
5.5027038848e+02
5.2133396873e+02
4.9332552715e+02
4.6628834363e+02
4.4025835127e+02
4.1526345828e+02
3.9132315561e+02
3.6844840803e+02
3.4664181494e+02
3.2589800999e+02
3.0620427935e+02
2.8754135351e+02
2.6988433258e+02
2.5320366849e+02
2.3746615187e+02
2.2263585239e+02
2.0867498311e+02
1.9554466273e+02
1.8320556218e+02
1.7161842814e+02
1.6074449192e+02
1.5054577865e+02
1.4098533407e+02
1.3202738725e+02
1.2363746140e+02
1.1578244501e+02
1.0843063227e+02
1.0155174157e+02
9.5116917404e+01
8.9098720461e+01
8.3471107088e+01
7.8209400939e+01
7.3290258632e+01
6.8691631236e+01
6.4392722570e+01
6.0373945099e+01
5.6616873999e+01
5.3104200257e+01
4.9819683048e+01
4.6748101748e+01
4.3875207879e+01
4.1187677333e+01
3.8673063061e+01
3.6319748452e+01
3.4116901458e+01
3.2054429648e+01
3.0122936307e+01
2.8313677670e+01
