5.3120384115e+00
5.1511747856e+00
5.0077010809e+00
4.8797309280e+00
4.7647611988e+00
4.6596863960e+00
4.5607809542e+00
4.4639619800e+00
4.3653178129e+00
4.2615286965e+00
4.1500287511e+00
4.0290568022e+00
3.8979831657e+00
3.7576683007e+00
3.6104080891e+00
3.4596529055e+00
3.3094993042e+00
3.1641015585e+00
3.0273530421e+00
2.9025344336e+00
2.7916019403e+00
2.6950212131e+00
2.6118883702e+00
2.5397840789e+00
2.4754226072e+00
2.4148377641e+00
2.3539483427e+00
2.2894471975e+00
2.2192580013e+00
2.1429016918e+00
2.0616270654e+00
1.9782237389e+00
1.8961473657e+00
1.8187953234e+00
1.7488964104e+00
1.6875822929e+00
1.6344689791e+00
1.5877388406e+00
1.5446217469e+00
1.5021444198e+00
1.4580228801e+00
1.4112184929e+00
1.3621708497e+00
1.3126696800e+00
1.2649148156e+00
1.2208889584e+00
1.1814815639e+00
1.1463645203e+00
1.1141668050e+00
1.0831254057e+00
1.0518419876e+00
1.0198008131e+00
9.8754591087e-01
9.5619470989e-01
9.2684644355e-01
8.9994545280e-01
8.7515714351e-01
8.5162943442e-01
8.2853710826e-01
8.0555434491e-01
7.8292393647e-01
7.6120404774e-01
7.4078862351e-01
7.2164786503e-01
7.0342068256e-01
6.8570976555e-01
6.6837953459e-01
6.5157888258e-01
6.3552052238e-01
6.2026207107e-01
6.0566637301e-01
5.9155232858e-01
5.7785191150e-01
5.6462085554e-01
5.5192093363e-01
5.3972617209e-01
5.2795343415e-01
5.1654580028e-01
5.0550405553e-01
4.9484332854e-01
4.8454329117e-01
4.7456084891e-01
4.6487620702e-01
4.5547479290e-01
4.4634140492e-01
4.3746046142e-01
4.2881699941e-01
4.2039502643e-01
4.1217732609e-01
4.0415071864e-01
3.9630221003e-01
3.8861843798e-01
3.8108777699e-01
3.7369843998e-01
3.6643970136e-01
3.5930030426e-01
3.5227116243e-01
3.4534290042e-01
3.3850421963e-01
3.3174821444e-01
3.2506799768e-01
3.1845705989e-01
3.1190895460e-01
3.0541772885e-01
2.9897850726e-01
2.9258633549e-01
2.8623690806e-01
2.7992707905e-01
2.7365284032e-01
2.6741139425e-01
2.6120143212e-01
2.5502246869e-01
2.4887362582e-01
2.4275447331e-01
2.3666520934e-01
2.3060651436e-01
2.2457913720e-01
2.1858467209e-01
2.1262572255e-01
2.0670294118e-01
2.0081977179e-01
1.9497996782e-01
1.8918639421e-01
1.8344270101e-01
1.7775251464e-01
1.7211982277e-01
1.6654843692e-01
1.6104261159e-01
1.5560678716e-01
1.5024463834e-01
1.4496156053e-01
1.3976130727e-01
1.3464820160e-01
1.2962565435e-01
1.2469723817e-01
1.1986683608e-01
1.1513741663e-01
1.1051230089e-01
1.0599463102e-01
1.0158713700e-01
9.7292611462e-02
9.3113178579e-02
8.9050588414e-02
8.5104699637e-02
8.1276372435e-02
7.7566411413e-02
7.3974963160e-02
7.0501797869e-02
6.7147436994e-02
6.3911036636e-02
6.0791148154e-02
5.7789216597e-02
5.4901720316e-02
5.2126547092e-02
4.9461344872e-02
4.6903921592e-02
4.4452419545e-02
4.2104063186e-02
3.9856849700e-02
3.7708763835e-02
3.5656286938e-02
3.3698174099e-02
3.1830777466e-02
3.0051114844e-02
2.8355588559e-02
2.6741149015e-02
2.5205330705e-02
2.3745087177e-02
2.2357747850e-02
2.1041061719e-02
1.9792131012e-02
1.8608271972e-02
1.7487342124e-02
1.6426162851e-02
1.5421917623e-02
1.4471820420e-02
1.3573628098e-02
1.2725043411e-02
1.1923718489e-02
1.1167797623e-02
1.0455247014e-02
9.7836579460e-03
9.1516890328e-03
8.5567453235e-03
7.9971159437e-03
7.4707183387e-03
6.9757974558e-03
6.5108349133e-03
6.0741612592e-03
5.6643975396e-03
5.2802548429e-03
4.9201594257e-03
4.5829772043e-03
4.2672789297e-03
3.9718212214e-03
3.6954241743e-03
3.4368247741e-03
3.1950783109e-03
2.9691857060e-03
2.7582127326e-03
