7.6786206684e-04
7.3128079892e-04
6.9638459079e-04
6.6433870777e-04
6.3593849010e-04
6.1159756290e-04
5.9129051812e-04
5.7449909534e-04
5.6040243245e-04
5.4783667475e-04
5.3550776036e-04
5.2225679135e-04
5.0723123312e-04
4.9002759206e-04
4.7083073082e-04
4.5038100616e-04
4.2970663780e-04
4.0995580607e-04
3.9213039974e-04
3.7677743064e-04
3.6396496616e-04
3.5326595110e-04
3.4384637571e-04
3.3472006729e-04
3.2504584989e-04
3.1432857383e-04
3.0260064510e-04
2.9037228405e-04
2.7838396015e-04
2.6736358032e-04
2.5771290677e-04
2.4942296963e-04
2.4208358646e-04
2.3510002418e-04
2.2794293657e-04
2.2037931425e-04
2.1254968294e-04
2.0484314873e-04
1.9766929514e-04
1.9123298276e-04
1.8545009676e-04
1.8003328917e-04
1.7467659385e-04
1.6924599353e-04
1.6382138200e-04
1.5861049160e-04
1.5377302124e-04
1.4931172876e-04
1.4510046580e-04
1.4099362995e-04
1.3694049501e-04
1.3300123912e-04
1.2926210021e-04
1.2574838430e-04
1.2241179138e-04
1.1918725797e-04
1.1605382106e-04
1.1303766221e-04
1.1016568575e-04
1.0743030305e-04
1.0480202761e-04
1.0226379888e-04
9.9820993920e-05
9.7481119543e-05
9.5238014059e-05
9.3078895903e-05
9.0999543842e-05
8.8996643185e-05
8.7066875294e-05
8.5206929704e-05
8.3413292329e-05
8.1682128387e-05
8.0009724515e-05
7.8392267049e-05
7.6826453519e-05
7.5309335357e-05
7.3837982694e-05
7.2409597974e-05
7.1021478628e-05
6.9671020477e-05
6.8355676113e-05
6.7072994268e-05
6.5820642743e-05
6.4596211123e-05
6.3397577036e-05
6.2222997186e-05
6.1070577273e-05
5.9938631233e-05
5.8825513816e-05
5.7729670926e-05
5.6649636157e-05
5.5584045013e-05
5.4531634785e-05
5.3491131042e-05
5.2461386260e-05
5.1441650469e-05
5.0430956930e-05
4.9428689691e-05
4.8434162792e-05
4.7446789804e-05
4.6466073491e-05
4.5491605999e-05
4.4523064450e-05
4.3560154326e-05
4.2602628470e-05
4.1650578497e-05
4.0703893038e-05
3.9762864176e-05
3.8827544566e-05
3.7898132101e-05
3.6974882926e-05
3.6058106280e-05
3.5148158547e-05
3.4245409287e-05
3.3350243254e-05
3.2463229736e-05
3.1584953413e-05
3.0716048956e-05
2.9856926605e-05
2.9008094124e-05
2.8170094950e-05
2.7343471915e-05
2.6528760820e-05
2.5726470268e-05
2.4937123090e-05
2.4161238044e-05
2.3399517034e-05
2.2652417302e-05
2.1920172129e-05
2.1203074595e-05
2.0501429511e-05
1.9815509688e-05
1.9145550787e-05
1.8491739015e-05
1.7854301818e-05
1.7233356770e-05
1.6629188220e-05
1.6041852051e-05
1.5471146178e-05
1.4916936166e-05
1.4379074384e-05
1.3857423695e-05
1.3351818000e-05
1.2862055831e-05
1.2387997237e-05
1.1929411350e-05
1.1486139002e-05
1.1057975522e-05
1.0644418536e-05
1.0245088013e-05
9.8595664726e-06
9.4875048369e-06
9.1285368242e-06
8.7822953907e-06
8.4484749542e-06
8.1267496577e-06
7.8167543588e-06
7.5182298609e-06
7.2306566003e-06
6.9536448005e-06
6.6867491107e-06
6.4296118536e-06
6.1818741888e-06
5.9431943758e-06
5.7132791972e-06
5.4918803601e-06
5.2786320525e-06
5.0733412710e-06
4.8755911625e-06
4.6850919908e-06
4.5014956307e-06
4.3245334260e-06
4.1539344228e-06
3.9894444423e-06
3.8308590924e-06
3.6780333616e-06
3.5306648174e-06
3.3886534405e-06
3.2517073519e-06
3.1196480008e-06
2.9922261394e-06
2.8692636645e-06
2.7505804614e-06
2.6360072053e-06
2.5254120598e-06
2.4187255615e-06
2.3157275203e-06
2.2163824171e-06
2.1204918476e-06
2.0279519581e-06
1.9386033139e-06
1.8523476530e-06
1.7690869069e-06
1.6887176940e-06
1.6111639633e-06
1.5364169815e-06
1.4643342592e-06
1.3949269075e-06
1.3280557426e-06
1.2636692167e-06
