4.0238823061e-06
3.8348395236e-06
3.6545016653e-06
3.4888857330e-06
3.3420978337e-06
3.2162724926e-06
3.1112769276e-06
3.0244334801e-06
2.9515023102e-06
2.8864731579e-06
2.8226642782e-06
2.7540926546e-06
2.6763577692e-06
2.5873779085e-06
2.4881088849e-06
2.3823737795e-06
2.2754808918e-06
2.1733567244e-06
2.0811716048e-06
2.0017472583e-06
1.9354331493e-06
1.8800236594e-06
1.8312138212e-06
1.7839146294e-06
1.7337863262e-06
1.6782754920e-06
1.6175508435e-06
1.5542457125e-06
1.4921802470e-06
1.4351086430e-06
1.3851020335e-06
1.3421129760e-06
1.3040255397e-06
1.2677736083e-06
1.2306282463e-06
1.1913894633e-06
1.1507828347e-06
1.1108146084e-06
1.0735956710e-06
1.0401812250e-06
1.0101373435e-06
9.8198345933e-07
9.5414377672e-07
9.2593020215e-07
8.9775337816e-07
8.7068311706e-07
8.4554140748e-07
8.2234199937e-07
8.0043523418e-07
7.7907165665e-07
7.5799025245e-07
7.3750056402e-07
7.1804593684e-07
6.9975780300e-07
6.8238597239e-07
6.6559517604e-07
6.4927731101e-07
6.3356660365e-07
6.1860087456e-07
6.0434062603e-07
5.9063389152e-07
5.7739260409e-07
5.6464397074e-07
5.5242771305e-07
5.4071082546e-07
5.2942662241e-07
5.1855301951e-07
5.0807259533e-07
4.9796792017e-07
4.8822161524e-07
4.7881525812e-07
4.6972878044e-07
4.6094277003e-07
4.5243869545e-07
4.4419889422e-07
4.3620697778e-07
4.2844763576e-07
4.2090614415e-07
4.1356834366e-07
4.0642059745e-07
3.9944957464e-07
3.9264245280e-07
3.8598703605e-07
3.7947174261e-07
3.7308563740e-07
3.6681849912e-07
3.6066067562e-07
3.5460305023e-07
3.4863703780e-07
3.4275453776e-07
3.3694792392e-07
3.3121011176e-07
3.2553455818e-07
3.1991525835e-07
3.1434677362e-07
3.0882420447e-07
3.0334315402e-07
2.9789972170e-07
2.9249049057e-07
2.8711249581e-07
2.8176324440e-07
2.7644071631e-07
2.7114335179e-07
2.6587004309e-07
2.6062012496e-07
2.5539334390e-07
2.5018983819e-07
2.4501011856e-07
2.3985504533e-07
2.3472580651e-07
2.2962389693e-07
2.2455109322e-07
2.1950942730e-07
2.1450115707e-07
2.0952873966e-07
2.0459480354e-07
1.9970211888e-07
1.9485356784e-07
1.9005211539e-07
1.8530077779e-07
1.8060259251e-07
1.7596058911e-07
1.7137776066e-07
1.6685703625e-07
1.6240125582e-07
1.5801314567e-07
1.5369529573e-07
1.4945013836e-07
1.4527992979e-07
1.4118673407e-07
1.3717240906e-07
1.3323859503e-07
1.2938670622e-07
1.2561792432e-07
1.2193319487e-07
1.1833322646e-07
1.1481849243e-07
1.1138923481e-07
1.0804547155e-07
1.0478700521e-07
1.0161343362e-07
9.8524162110e-08
9.5518417054e-08
9.2595260107e-08
8.9753603430e-08
8.6992225356e-08
8.4309786028e-08
8.1704843205e-08
7.9175867726e-08
7.6721258230e-08
7.4339355137e-08
7.2028453785e-08
6.9786816431e-08
6.7612683253e-08
6.5504282320e-08
6.3459838460e-08
6.1477581083e-08
5.9555751146e-08
5.7692607111e-08
5.5886430031e-08
5.4135527889e-08
5.2438239202e-08
5.0792935962e-08
4.9198026063e-08
4.7651955250e-08
4.6153208588e-08
4.4700311643e-08
4.3291831331e-08
4.1926376435e-08
4.0602597885e-08
3.9319188827e-08
3.8074884456e-08
3.6868461701e-08
3.5698738771e-08
3.4564574556e-08
3.3464867931e-08
3.2398556960e-08
3.1364618012e-08
3.0362064792e-08
2.9389947312e-08
2.8447350802e-08
2.7533394577e-08
2.6647230862e-08
2.5788043581e-08
2.4955047113e-08
2.4147485030e-08
2.3364628815e-08
2.2605776564e-08
2.1870251693e-08
2.1157401630e-08
2.0466596519e-08
1.9797227931e-08
1.9148707583e-08
1.8520466078e-08
1.7911951658e-08
1.7322628997e-08
1.6751978008e-08
1.6199492703e-08
1.5664680081e-08
1.5147059070e-08
