4.2959104174e+00
4.4794822982e+00
4.6708985314e+00
4.8704943203e+00
5.0786191916e+00
5.2956376082e+00
5.5219296072e+00
5.7578914652e+00
6.0039363923e+00
6.2604952561e+00
6.5280173358e+00
6.8069711090e+00
7.0978450723e+00
7.4011485966e+00
7.7174128190e+00
8.0471915733e+00
8.3910623595e+00
8.7496273549e+00
9.1235144694e+00
9.5133784441e+00
9.9199019989e+00
1.0343797027e+01
1.0785805843e+01
1.1246702480e+01
1.1727294048e+01
1.2228422148e+01
1.2750964342e+01
1.3295835691e+01
1.3863990361e+01
1.4456423289e+01
1.5074171928e+01
1.5718318063e+01
1.6389989706e+01
1.7090363072e+01
1.7820664635e+01
1.8582173281e+01
1.9376222543e+01
2.0204202941e+01
2.1067564411e+01
2.1967818850e+01
2.2906542760e+01
2.3885380009e+01
2.4906044713e+01
2.5970324231e+01
2.7080082304e+01
2.8237262309e+01
2.9443890671e+01
3.0702080406e+01
3.2014034823e+01
3.3382051381e+01
3.4808525716e+01
3.6295955833e+01
3.7846946480e+01
3.9464213712e+01
4.1150589644e+01
4.2909027415e+01
4.4742606354e+01
4.6654537377e+01
4.8648168608e+01
5.0726991242e+01
5.2894645659e+01
5.5154927798e+01
5.7511795807e+01
5.9969376971e+01
6.2531974943e+01
6.5204077276e+01
6.7990363287e+01
7.0895712248e+01
7.3925211928e+01
7.7084167510e+01
8.0378110874e+01
8.3812810287e+01
8.7394280505e+01
9.1128793305e+01
9.5022888470e+01
9.9083385235e+01
1.0331739424e+02
1.0773232997e+02
1.1233592374e+02
1.1713623724e+02
1.2214167667e+02
1.2736100741e+02
1.3280336943e+02
1.3847829323e+02
1.4439571661e+02
1.5056600200e+02
1.5699995464e+02
1.6370884150e+02
1.7070441102e+02
1.7799891364e+02
1.8560512331e+02
1.9353635982e+02
2.0180651216e+02
2.1043006279e+02
2.1942211305e+02
2.2879840959e+02
2.3857537194e+02
2.4877012124e+02
2.5940051029e+02
2.7048515473e+02
2.8204346572e+02
2.9409568386e+02
3.0666291469e+02
3.1976716561e+02
3.3343138443e+02
3.4767949960e+02
3.6253646202e+02
3.7802828884e+02
3.9418210892e+02
4.1102621042e+02
4.2859009029e+02
4.4690450594e+02
4.6600152909e+02
4.8591460195e+02
5.0667859578e+02
5.2832987194e+02
5.5090634557e+02
5.7444755202e+02
5.9899471602e+02
6.2459082393e+02
6.5128069898e+02
6.7911107979e+02
7.0813070219e+02
7.3839038460e+02
7.6994311696e+02
8.0284415361e+02
8.3715110998e+02
8.7292406352e+02
9.1022565890e+02
9.4912121768e+02
9.8967885275e+02
1.0319695876e+03
1.0760674806e+03
1.1220497550e+03
1.1699969335e+03
1.2199929802e+03
1.2721254467e+03
1.3264856261e+03
1.3831687124e+03
1.4422739677e+03
1.5039048956e+03
1.5681694224e+03
1.6351800866e+03
1.7050542354e+03
1.7779142307e+03
1.8538876630e+03
1.9331075750e+03
2.0157126945e+03
2.1018476774e+03
2.1916633611e+03
2.2853170285e+03
2.3829726834e+03
2.4848013378e+03
2.5909813115e+03
2.7016985440e+03
2.8171469204e+03
2.9375286110e+03
3.0630544250e+03
3.1939441800e+03
3.3304270866e+03
3.4727421502e+03
3.6211385891e+03
3.7758762715e+03
3.9372261697e+03
4.1054708357e+03
4.2809048950e+03
4.4638355631e+03
4.6545831836e+03
4.8534817887e+03
5.0608796843e+03
5.2771400603e+03
5.5026416262e+03
5.7377792745e+03
5.9829647720e+03
6.2386274813e+03
6.5052151121e+03
6.7831945058e+03
7.0730524526e+03
7.3752965442e+03
7.6904560625e+03
8.0190829068e+03
8.3617525597e+03
8.7190650953e+03
9.0916462301e+03
9.4801484185e+03
9.8852519952e+03
1.0307666367e+04
1.0748131255e+04
1.1207417990e+04
1.1686330863e+04
1.2185708534e+04
1.2706425499e+04
1.3249393624e+04
1.3815563742e+04
1.4405927314e+04
1.5021518170e+04
1.5663414317e+04
1.6332739826e+04
1.7030666802e+04
1.7758417438e+04
