2.4073720473e+04
2.4868963004e+04
2.5680381213e+04
2.6507419413e+04
2.7349430753e+04
2.8205668231e+04
2.9075281100e+04
2.9957318715e+04
3.0850693018e+04
3.1754204339e+04
3.2666517573e+04
3.3586156054e+04
3.4511500550e+04
3.5440772280e+04
3.6372036736e+04
3.7303201316e+04
3.8231999734e+04
3.9155982849e+04
4.0072515241e+04
4.0978773823e+04
4.1871735028e+04
4.2748123856e+04
4.3604573558e+04
4.4437480275e+04
4.5242956911e+04
4.6016959699e+04
4.6755253820e+04
4.7453365722e+04
4.8106703994e+04
4.8710483080e+04
4.9259739743e+04
4.9749415833e+04
5.0174348773e+04
5.0529363832e+04
5.0809259607e+04
5.1008912769e+04
5.1123354096e+04
5.1147834433e+04
5.1077941575e+04
5.0909706982e+04
5.0639734469e+04
5.0265334757e+04
4.9784683274e+04
4.9196970513e+04
4.8502551993e+04
4.7703132498e+04
4.6801879196e+04
4.5803587375e+04
4.4714757618e+04
4.3543650816e+04
4.2300313195e+04
4.0996505532e+04
3.9645616311e+04
3.8262404588e+04
3.6862736765e+04
3.5463200631e+04
3.4080605336e+04
3.2731459512e+04
3.1431386901e+04
3.0194397316e+04
2.9032197254e+04
2.7953486176e+04
2.6963272860e+04
2.6062204249e+04
2.5245947513e+04
2.4504817754e+04
2.3823653124e+04
2.3181871305e+04
2.2554450384e+04
2.1913364345e+04
2.1230043829e+04
2.0478628584e+04
1.9639979653e+04
1.8704327162e+04
1.7676346201e+04
1.6579846101e+04
1.5450025904e+04
1.4329762230e+04
1.3268940987e+04
1.2313920586e+04
1.1497237774e+04
1.0833694588e+04
1.0314285708e+04
9.9097719912e+03
9.5687554565e+03
9.2269436111e+03
8.8290438274e+03
8.3385702379e+03
7.7567460792e+03
7.1270966778e+03
6.5149441663e+03
5.9860109728e+03
5.5779915700e+03
5.2856969456e+03
5.0640616558e+03
4.8452584706e+03
4.5751074070e+03
4.2435513796e+03
3.8915678263e+03
3.5793081444e+03
3.3423569616e+03
3.1686661242e+03
3.0106591492e+03
2.8274258284e+03
2.6202883176e+03
2.4255347712e+03
2.2710143796e+03
2.1472777662e+03
2.0245172865e+03
1.8918086963e+03
1.7662432612e+03
1.6619351682e+03
1.5699142611e+03
1.4774046249e+03
1.3883554040e+03
1.3104728177e+03
1.2397332638e+03
1.1713049750e+03
1.1081603715e+03
1.0511306730e+03
9.9742864570e+02
9.4748068460e+02
9.0165955190e+02
8.5880330177e+02
8.1902813999e+02
7.8210705916e+02
7.4763147745e+02
7.1544173663e+02
6.8533356513e+02
6.5710265499e+02
6.3056717928e+02
6.0552686987e+02
5.8184326956e+02
5.5937115853e+02
5.3795031580e+02
5.1747634941e+02
4.9782315399e+02
4.7887929600e+02
4.6056890206e+02
4.4278995858e+02
4.2547420588e+02
4.0856703042e+02
3.9199262723e+02
3.7572427238e+02
3.5972309255e+02
3.4395221398e+02
3.2840802202e+02
3.1307071506e+02
2.9794050218e+02
2.8302820073e+02
2.6833306848e+02
2.5388741334e+02
2.3970284805e+02
2.2580725747e+02
2.1223439799e+02
1.9899981325e+02
1.8615316018e+02
1.7370986504e+02
1.6169512686e+02
1.5015664048e+02
1.3908943610e+02
1.2852902902e+02
1.1849136120e+02
1.0896680971e+02
9.9989633454e+01
9.1539385560e+01
8.3610718735e+01
7.6219518824e+01
6.9324426109e+01
6.2927964466e+01
5.7015095191e+01
5.1547857839e+01
4.6526251312e+01
4.1916116055e+01
3.7689294633e+01
3.3840222812e+01
3.0326614158e+01
2.7133277581e+01
2.4241997332e+01
2.1619199881e+01
1.9253786904e+01
1.7122265644e+01
1.5200703111e+01
1.3479993093e+01
1.1935217861e+01
1.0552402650e+01
9.3196931023e+00
8.2181579280e+00
7.2386211756e+00
6.3686367601e+00
5.5950225018e+00
4.9109672752e+00
4.3050911168e+00
3.7693774325e+00
3.2975228931e+00
2.8810518418e+00
2.5149557427e+00
2.1933034367e+00
1.9104507056e+00
1.6628329966e+00
