7.1623781663e+03
6.8161375187e+03
6.4858497275e+03
6.1825521377e+03
5.9137795188e+03
5.6834520356e+03
5.4913318868e+03
5.3325129167e+03
5.1992220993e+03
5.0804363597e+03
4.9638977278e+03
4.8386270514e+03
4.6965460374e+03
4.5338294806e+03
4.3522260513e+03
4.1587480718e+03
3.9631367025e+03
3.7762716275e+03
3.6076482909e+03
3.4624531562e+03
3.3413346059e+03
3.2402483899e+03
3.1512919049e+03
3.0651182039e+03
2.9737527390e+03
2.8724993029e+03
2.7616623129e+03
2.6460769041e+03
2.5327630107e+03
2.4286235796e+03
2.3374704446e+03
2.2592207900e+03
2.1899856302e+03
2.1241229834e+03
2.0566107572e+03
1.9852361598e+03
1.9113304612e+03
1.8385848301e+03
1.7708864252e+03
1.7101806480e+03
1.6556701511e+03
1.6046274469e+03
1.5541470196e+03
1.5029528459e+03
1.4518048789e+03
1.4026760791e+03
1.3570840624e+03
1.3150559306e+03
1.2753937004e+03
1.2367139016e+03
1.1985344146e+03
1.1614274816e+03
1.1262135738e+03
1.0931315837e+03
1.0617250336e+03
1.0313762502e+03
1.0018864002e+03
9.7350523988e+02
9.4648961463e+02
9.2076819424e+02
8.9606112517e+02
8.7220673777e+02
8.4925697055e+02
8.2728175062e+02
8.0622455537e+02
7.8596532837e+02
7.6646459609e+02
7.4769150974e+02
7.2961516489e+02
7.1220472062e+02
6.9542739031e+02
6.7924732682e+02
6.6362979251e+02
6.4853712915e+02
6.3393903007e+02
6.1980931290e+02
6.0612058068e+02
5.9284682656e+02
5.7996283457e+02
5.6744430219e+02
5.5526744459e+02
5.4340936927e+02
5.3184829405e+02
5.2056034448e+02
5.0952547520e+02
4.9872891287e+02
4.8815261459e+02
4.7778129206e+02
4.6759956658e+02
4.5759290375e+02
4.4774757331e+02
4.3805078764e+02
4.2849070013e+02
4.1905464701e+02
4.0973122144e+02
4.0051466014e+02
3.9139507371e+02
3.8236771586e+02
3.7342598096e+02
3.6456430421e+02
3.5577794657e+02
3.4706299641e+02
3.3841632485e+02
3.2983479825e+02
3.2131545894e+02
3.1286000429e+02
3.0446656785e+02
2.9613929368e+02
2.8787795553e+02
2.7968428621e+02
2.7156056684e+02
2.6350957056e+02
2.5553450679e+02
2.4763864872e+02
2.3982532863e+02
2.3210012301e+02
2.2446900591e+02
2.1693848553e+02
2.0951145026e+02
2.0219228496e+02
1.9498592797e+02
1.8789730784e+02
1.8093127227e+02
1.7409243330e+02
1.6738579776e+02
1.6081595266e+02
1.5439056389e+02
1.4811375299e+02
1.4198656845e+02
1.3601111037e+02
1.3018986620e+02
1.2452508959e+02
1.1901868652e+02
1.1367212102e+02
1.0848765763e+02
1.0346578136e+02
9.8609716774e+01
9.3919665284e+01
8.9392480102e+01
8.5026109529e+01
8.0818566882e+01
7.6768097146e+01
7.2872705439e+01
6.9130077401e+01
6.5538729915e+01
6.2095817766e+01
5.8799653463e+01
5.5647941460e+01
5.2634960804e+01
4.9756463375e+01
4.7007931036e+01
4.4385632504e+01
4.1885673522e+01
3.9504182320e+01
3.7238044904e+01
3.5083683578e+01
3.3037297687e+01
3.1096029631e+01
2.9254396257e+01
2.7508254908e+01
2.5853085132e+01
2.4285188585e+01
2.2800852005e+01
2.1396515413e+01
2.0069116415e+01
1.8815750626e+01
1.7632725473e+01
1.6517662664e+01
1.5466444160e+01
1.4475963555e+01
1.3542806876e+01
1.2664144058e+01
1.1837162615e+01
1.1059206685e+01
1.0327997726e+01
9.6415778497e+00
8.9971076515e+00
8.3929365762e+00
7.8263759994e+00
7.2954240563e+00
6.7978156785e+00
6.3316834905e+00
5.8951979726e+00
5.4866256300e+00
5.1044376167e+00
4.7474224799e+00
4.4137599070e+00
4.1023909523e+00
3.8117253514e+00
3.5405426688e+00
3.2875147068e+00
3.0515449533e+00
2.8315716113e+00
2.6265490521e+00
2.4355496928e+00
2.2578750954e+00
2.0924810718e+00
1.9387406409e+00
1.7957518398e+00
1.6628329966e+00
