3.2213869681e+04
3.3278444547e+04
3.4364716962e+04
3.5471947872e+04
3.6599276516e+04
3.7745708408e+04
3.8910110527e+04
4.0091216462e+04
4.1287576207e+04
4.2497590668e+04
4.3719479770e+04
4.4951274229e+04
4.6190814176e+04
4.7435726383e+04
4.8683429317e+04
4.9931129902e+04
5.1175802570e+04
5.2414176892e+04
5.3642732875e+04
5.4857698956e+04
5.6055034705e+04
5.7230362481e+04
5.8379180842e+04
5.9496669862e+04
6.0577629188e+04
6.1616647090e+04
6.2608054214e+04
6.3545859509e+04
6.4423911680e+04
6.5235796877e+04
6.5974860517e+04
6.6634317829e+04
6.7207241038e+04
6.7686682795e+04
6.8065656847e+04
6.8337278408e+04
6.8494866251e+04
6.8532031509e+04
6.8442834766e+04
6.8221929727e+04
6.7864736450e+04
6.7367622536e+04
6.6728115531e+04
6.5945105360e+04
6.5019046181e+04
6.3952203934e+04
6.2748808469e+04
6.1415275721e+04
5.9960310961e+04
5.8394981932e+04
5.6732751354e+04
5.4989380856e+04
5.3182813063e+04
5.1332825702e+04
4.9460677549e+04
4.7588590382e+04
4.5739078675e+04
4.3934250523e+04
4.2195025473e+04
4.0540159297e+04
3.8985322200e+04
3.7542158117e+04
3.6217370982e+04
3.5011827715e+04
3.3919732339e+04
3.2928128584e+04
3.2016733375e+04
3.1158012852e+04
3.0318494898e+04
2.9460689763e+04
2.8546382075e+04
2.7540981746e+04
2.6418890905e+04
2.5167045455e+04
2.3791704131e+04
2.2324719782e+04
2.0813178939e+04
1.9314435347e+04
1.7895214805e+04
1.6617520772e+04
1.5524865743e+04
1.4637038626e+04
1.3941984892e+04
1.3400589011e+04
1.2944103626e+04
1.2486543634e+04
1.1953968808e+04
1.1297597830e+04
1.0519081348e+04
9.6766348730e+03
8.8576100710e+03
8.1498791516e+03
7.6038251967e+03
7.2124893203e+03
6.9156051870e+03
6.6224932168e+03
6.2607378185e+03
5.8169151443e+03
5.3458092071e+03
4.9278087884e+03
4.6104487970e+03
4.3776073962e+03
4.1657079485e+03
3.9201057478e+03
3.6425868468e+03
3.3816248590e+03
3.1744003648e+03
3.0082867135e+03
2.8434878516e+03
2.6654383732e+03
2.4969574899e+03
2.3568689477e+03
2.2332095478e+03
2.1089390805e+03
1.9893250986e+03
1.8846503200e+03
1.7895348742e+03
1.6975435532e+03
1.6126378171e+03
1.5359089598e+03
1.4636504696e+03
1.3964200575e+03
1.3347016184e+03
1.2769583865e+03
1.2233245495e+03
1.1734952639e+03
1.1269299416e+03
1.0833982675e+03
1.0426322469e+03
1.0043539150e+03
9.6830872388e+02
9.3424001801e+02
9.0194845164e+02
8.7123594986e+02
8.4189785020e+02
8.1377844692e+02
7.8671250668e+02
7.6055332097e+02
7.3518760854e+02
7.1048721921e+02
6.8635624853e+02
6.6271513355e+02
6.3947353360e+02
6.1658568122e+02
5.9400095654e+02
5.7167541666e+02
5.4959681976e+02
5.2774411227e+02
5.0611706492e+02
4.8472813965e+02
4.6358265594e+02
4.4271720821e+02
4.2215354078e+02
4.0192779116e+02
3.8208395487e+02
3.6265054834e+02
3.4368516865e+02
3.2521775631e+02
3.0728356001e+02
2.8993840901e+02
2.7319060700e+02
2.5708126979e+02
2.4163451107e+02
2.2684794490e+02
2.1275836693e+02
1.9935066155e+02
1.8662059543e+02
1.7458524021e+02
1.6320333933e+02
1.5247599281e+02
1.4238721274e+02
1.3289471846e+02
1.2399698107e+02
1.1565524252e+02
1.0783556530e+02
1.0053148190e+02
9.3692016366e+01
8.7298787868e+01
8.1331023498e+01
7.5745886231e+01
7.0532079414e+01
6.5660978915e+01
6.1101302385e+01
5.6846523758e+01
5.2862856173e+01
4.9134502654e+01
4.5650116608e+01
4.2382356253e+01
3.9324149520e+01
3.6460131656e+01
3.3770949337e+01
3.1253812437e+01
2.8890714628e+01
2.6672471307e+01
2.4595073791e+01
2.2643267355e+01
2.0815504288e+01
1.9104232654e+01
1.7499438756e+01
1.6002504791e+01
