9.7238393094e+03
9.2605915643e+03
8.8186826134e+03
8.4128688215e+03
8.0532219983e+03
7.7449800953e+03
7.4878213570e+03
7.2751827805e+03
7.0966693590e+03
6.9375425914e+03
6.7814150946e+03
6.6136111375e+03
6.4233346280e+03
6.2054759157e+03
5.9623760127e+03
5.7034104443e+03
5.4416000953e+03
5.1914849741e+03
4.9657525225e+03
4.7713298379e+03
4.6090788932e+03
4.4735916648e+03
4.3543066508e+03
4.2387354298e+03
4.1162257507e+03
3.9805072738e+03
3.8319903730e+03
3.6771362357e+03
3.5253218145e+03
3.3857649758e+03
3.2635534448e+03
3.1585736313e+03
3.0656311801e+03
2.9771946753e+03
2.8865607284e+03
2.7907786195e+03
2.6916278996e+03
2.5940360228e+03
2.5031897593e+03
2.4216833664e+03
2.3484516539e+03
2.2798557837e+03
2.2120211468e+03
2.1432506121e+03
2.0745559167e+03
2.0085676838e+03
1.9473082643e+03
1.8908125823e+03
1.8374831550e+03
1.7854761428e+03
1.7341491733e+03
1.6842643138e+03
1.6369136404e+03
1.5924176166e+03
1.5501645938e+03
1.5093306392e+03
1.4696502874e+03
1.4314550890e+03
1.3950857476e+03
1.3604461647e+03
1.3271629369e+03
1.2950200178e+03
1.2640854999e+03
1.2344544457e+03
1.2060488268e+03
1.1787067833e+03
1.1523748597e+03
1.1270110802e+03
1.1025734192e+03
1.0790199546e+03
1.0563061856e+03
1.0343835504e+03
1.0132050247e+03
9.9272231407e+02
9.7289359767e+02
9.5368153621e+02
9.3504902722e+02
9.1696064379e+02
8.9938216186e+02
8.8228060336e+02
8.6562370913e+02
8.4938043748e+02
8.3352125454e+02
8.1801563598e+02
8.0283670509e+02
7.8796238558e+02
7.7336868895e+02
7.5903426370e+02
7.4493827516e+02
7.3106104300e+02
7.1738399734e+02
7.0388985889e+02
6.9056263725e+02
6.7738619368e+02
6.6434599646e+02
6.5143254833e+02
6.3863360697e+02
6.2594137226e+02
6.1334715753e+02
6.0084353651e+02
5.8842421246e+02
5.7608402051e+02
5.6381887186e+02
5.5162503690e+02
5.3949938575e+02
5.2744307857e+02
5.1545470503e+02
5.0353796394e+02
4.9169352211e+02
4.7992388554e+02
4.6823229793e+02
4.5662267535e+02
4.4509953088e+02
4.3366754443e+02
4.2233158836e+02
4.1109887186e+02
3.9997679901e+02
3.8897340703e+02
3.7809389097e+02
3.6734468091e+02
3.5673265870e+02
3.4626469850e+02
3.3594758542e+02
3.2578776017e+02
3.1579184366e+02
3.0596640517e+02
2.9632033328e+02
2.8685941828e+02
2.7758661434e+02
2.6850563288e+02
2.5962033389e+02
2.5093417211e+02
2.4245013185e+02
2.3417057111e+02
2.2609837021e+02
2.1823501802e+02
2.1058411540e+02
2.0314637003e+02
1.9591922282e+02
1.8890097132e+02
1.8208974601e+02
1.7548381027e+02
1.6908106068e+02
1.6287894596e+02
1.5687569382e+02
1.5106838068e+02
1.4545499090e+02
1.4003293262e+02
1.3479584401e+02
1.2973891256e+02
1.2485685148e+02
1.2014524022e+02
1.1559944037e+02
1.1121480385e+02
1.0698746091e+02
1.0291328507e+02
9.8987652324e+01
9.5207280337e+01
9.1565589601e+01
8.8057644171e+01
8.4677804338e+01
8.1421540645e+01
7.8284308912e+01
7.5261781497e+01
7.2350245235e+01
6.9546555865e+01
6.6846080915e+01
6.4246376284e+01
6.1742163144e+01
5.9329772410e+01
5.7004795594e+01
5.4763830560e+01
5.2603446079e+01
5.0520423349e+01
4.8512174047e+01
4.6576861818e+01
4.4710656799e+01
4.2912292394e+01
4.1178072386e+01
3.9505735693e+01
3.7892125960e+01
3.6334987772e+01
3.4832040244e+01
3.3381139126e+01
3.1980614904e+01
3.0629587929e+01
2.9325269816e+01
2.8067210769e+01
2.6852898291e+01
2.5681017228e+01
2.4549548576e+01
2.3457247988e+01
2.2402873575e+01
2.1385116161e+01
2.0403012672e+01
1.9456452513e+01
1.8543631267e+01
1.7664689639e+01
1.6817865074e+01
1.6002504791e+01
