4.3106231186e+04
4.4531334124e+04
4.5985539561e+04
4.7467864469e+04
4.8977163339e+04
5.0512112098e+04
5.2071201674e+04
5.3652744872e+04
5.5254809202e+04
5.6875263014e+04
5.8511732811e+04
6.0161592198e+04
6.1821959995e+04
6.3489669702e+04
6.5161276183e+04
6.6833051244e+04
6.8500955483e+04
7.0160621609e+04
7.1807347992e+04
7.3436095790e+04
7.5041465601e+04
7.6617605790e+04
7.8158497720e+04
7.9657695019e+04
8.1108240390e+04
8.2502891433e+04
8.3834058423e+04
8.5093718248e+04
8.6273630045e+04
8.7365198013e+04
8.8359500322e+04
8.9247436782e+04
9.0019711569e+04
9.0666998331e+04
9.1179914464e+04
9.1549209197e+04
9.1765900679e+04
9.1821395498e+04
9.1707699793e+04
9.1417612641e+04
9.0944959194e+04
9.0284834659e+04
8.9433890108e+04
8.8390605004e+04
8.7155558851e+04
8.5731763757e+04
8.4124869011e+04
8.2343458893e+04
8.0399190816e+04
7.8306892544e+04
7.6084604437e+04
7.3753449101e+04
7.1337471384e+04
6.8863173160e+04
6.6359037176e+04
6.3854831767e+04
6.1380712327e+04
5.8966284905e+04
5.6639559292e+04
5.4425644479e+04
5.2345516097e+04
5.0414758908e+04
4.8642345522e+04
4.7029437507e+04
4.5568281555e+04
4.4241544946e+04
4.3022093509e+04
4.1873093941e+04
4.0749770117e+04
3.9601972796e+04
3.8378583687e+04
3.7033335790e+04
3.5531992502e+04
3.3857084662e+04
3.2016990980e+04
3.0054325049e+04
2.8032075433e+04
2.6026961008e+04
2.4128231924e+04
2.2418816424e+04
2.0956905067e+04
1.9768953543e+04
1.8838825455e+04
1.8114192629e+04
1.7503101819e+04
1.6890555867e+04
1.6177677713e+04
1.5299246829e+04
1.4257490113e+04
1.3130270983e+04
1.2034399604e+04
1.1087362488e+04
1.0356502097e+04
9.8324856331e+03
9.4347180251e+03
9.0419674180e+03
8.5574444361e+03
7.9632308693e+03
7.3325685973e+03
6.7728919416e+03
6.3476987842e+03
6.0354159083e+03
5.7510853770e+03
5.4217167783e+03
5.0497230005e+03
4.6998550846e+03
4.4217521870e+03
4.1985437711e+03
3.9770985412e+03
3.7379982184e+03
3.5117114423e+03
3.3233432391e+03
3.1569421498e+03
2.9897805393e+03
2.8288849368e+03
2.6879803734e+03
2.5598708767e+03
2.4359875487e+03
2.3216117818e+03
2.2181731953e+03
2.1207458635e+03
2.0300575278e+03
1.9467337559e+03
1.8687470381e+03
1.7962436645e+03
1.7288150959e+03
1.6657490651e+03
1.6067105673e+03
1.5513513913e+03
1.4992930514e+03
1.4501767796e+03
1.4036802141e+03
1.3595133148e+03
1.3174057599e+03
1.2771023977e+03
1.2383675486e+03
1.2009879449e+03
1.1647727460e+03
1.1295502002e+03
1.0951660507e+03
1.0614840834e+03
1.0283871195e+03
9.9577715714e+02
9.6357404119e+02
9.3171444237e+02
9.0015137856e+02
8.6885416695e+02
8.3780777400e+02
8.0701156127e+02
7.7647792418e+02
7.4623091769e+02
7.1630480895e+02
6.8674239613e+02
6.5759324572e+02
6.2891187256e+02
6.0075585615e+02
5.7318391770e+02
5.4625406700e+02
5.2002187113e+02
4.9453888936e+02
4.6985128638e+02
4.4599869570e+02
4.2301335657e+02
4.0091954142e+02
3.7973327564e+02
3.5946236139e+02
3.4010669363e+02
3.2165882876e+02
3.0410474369e+02
2.8742472585e+02
2.7159434328e+02
2.5658543727e+02
2.4236708651e+02
2.2890649138e+02
2.1616975113e+02
2.0412252197e+02
1.9273055530e+02
1.8196012496e+02
1.7177835252e+02
1.6215344592e+02
1.5305486721e+02
1.4445344468e+02
1.3632144220e+02
1.2863259350e+02
1.2136210830e+02
1.1448665621e+02
1.0798433409e+02
1.0183462021e+02
9.6018317999e+01
9.0517491321e+01
8.5315393697e+01
8.0396392729e+01
7.5745891114e+01
7.1350245444e+01
6.7196683964e+01
6.3273224367e+01
5.9568592501e+01
5.6072142950e+01
5.2773782492e+01
4.9663897442e+01
