2.0529264942e-06
1.9555478217e-06
1.8626543823e-06
1.7773469485e-06
1.7017420171e-06
1.6369401517e-06
1.5828728196e-06
1.5381610956e-06
1.5006199752e-06
1.4671522120e-06
1.4343143366e-06
1.3990227843e-06
1.3590088230e-06
1.3131996483e-06
1.2620868455e-06
1.2076411652e-06
1.1525982896e-06
1.1000135891e-06
1.0525521361e-06
1.0116691894e-06
9.7754528395e-07
9.4904438205e-07
9.2394702263e-07
8.9962974812e-07
8.7385525694e-07
8.4530649878e-07
8.1407034105e-07
7.8150422327e-07
7.4957792537e-07
7.2022797219e-07
6.9452256397e-07
6.7243796987e-07
6.5288316188e-07
6.3427723307e-07
6.1521242095e-07
5.9506962945e-07
5.7422288917e-07
5.5370745973e-07
5.3461245103e-07
5.1748280947e-07
5.0209514004e-07
4.8768561102e-07
4.7344119107e-07
4.5900667882e-07
4.4459419409e-07
4.3075614798e-07
4.1791714515e-07
4.0608464784e-07
3.9492360486e-07
3.8404707427e-07
3.7332043001e-07
3.6290380942e-07
3.5302648137e-07
3.4375662509e-07
3.3496534540e-07
3.2647952582e-07
3.1824361360e-07
3.1032724196e-07
3.0280190985e-07
2.9564747624e-07
2.8878568479e-07
2.8217121485e-07
2.7581842852e-07
2.6974811387e-07
2.6394353295e-07
2.5837050167e-07
2.5301764480e-07
2.4787624407e-07
2.4293756216e-07
2.3819287181e-07
2.3363287565e-07
2.2924738512e-07
2.2502653521e-07
2.2096090170e-07
2.1704149349e-07
2.1325996465e-07
2.0960850993e-07
2.0607960362e-07
2.0266598618e-07
1.9936064014e-07
1.9615667495e-07
1.9304743038e-07
1.9002653613e-07
1.8708790332e-07
1.8422573936e-07
1.8143458081e-07
1.7870921673e-07
1.7604466948e-07
1.7343619100e-07
1.7087923715e-07
1.6836946103e-07
1.6590274680e-07
1.6347520889e-07
1.6108318996e-07
1.5872327552e-07
1.5639228020e-07
1.5408722952e-07
1.5180535776e-07
1.4954410291e-07
1.4730109217e-07
1.4507415489e-07
1.4286132636e-07
1.4066084475e-07
1.3847115086e-07
1.3629088784e-07
1.3411888974e-07
1.3195417637e-07
1.2979594890e-07
1.2764358375e-07
1.2549662748e-07
1.2335479253e-07
1.2121795081e-07
1.1908612656e-07
1.1695948783e-07
1.1483833907e-07
1.1272311314e-07
1.1061436211e-07
1.0851274780e-07
1.0641903230e-07
1.0433406677e-07
1.0225878068e-07
1.0019417085e-07
9.8141290327e-08
9.6101237129e-08
9.4075143522e-08
9.2064164991e-08
9.0069469347e-08
8.8092225878e-08
8.6133595124e-08
8.4194719216e-08
8.2276712469e-08
8.0380652579e-08
7.8507572630e-08
7.6658453419e-08
7.4834216631e-08
7.3035718994e-08
7.1263747196e-08
6.9519013658e-08
6.7802153704e-08
6.6113723423e-08
6.4454198413e-08
6.2823973523e-08
6.1223363425e-08
5.9652603868e-08
5.8111853868e-08
5.6601198619e-08
5.5120652952e-08
5.3670165501e-08
5.2249623337e-08
5.0858856865e-08
4.9497644978e-08
4.8165720387e-08
4.6862774917e-08
4.5588464803e-08
4.4342415882e-08
4.3124228586e-08
4.1933482680e-08
4.0769741794e-08
3.9632557566e-08
3.8521473432e-08
3.7436028070e-08
3.6375758449e-08
3.5340202497e-08
3.4328901432e-08
3.3341401762e-08
3.2377256941e-08
3.1436028763e-08
3.0517288485e-08
2.9620617676e-08
2.8745608829e-08
2.7891865783e-08
2.7059003925e-08
2.6246650239e-08
2.5454443194e-08
2.4682032504e-08
2.3929078758e-08
2.3195252951e-08
2.2480235909e-08
2.1783717643e-08
2.1105396610e-08
2.0444978934e-08
1.9802177564e-08
1.9176711394e-08
1.8568304349e-08
1.7976684451e-08
1.7401582865e-08
1.6842732947e-08
1.6299869290e-08
1.5772726793e-08
1.5261039745e-08
1.4764540949e-08
1.4282960886e-08
1.3816026927e-08
1.3363462612e-08
1.2924986994e-08
1.2500314068e-08
1.2089152286e-08
1.1691204168e-08
1.1306166028e-08
1.0933727807e-08
