2.7256626234e+02
2.7894742070e+02
2.8547797094e+02
2.9216141051e+02
2.9900131877e+02
3.0600135887e+02
3.1316527973e+02
3.2049691802e+02
3.2800020024e+02
3.3567914482e+02
3.4353786425e+02
3.5158056733e+02
3.5981156137e+02
3.6823525451e+02
3.7685615813e+02
3.8567888918e+02
3.9470817274e+02
4.0394884448e+02
4.1340585331e+02
4.2308426398e+02
4.3298925980e+02
4.4312614547e+02
4.5350034985e+02
4.6411742889e+02
4.7498306865e+02
4.8610308826e+02
4.9748344312e+02
5.0913022805e+02
5.2104968054e+02
5.3324818413e+02
5.4573227179e+02
5.5850862945e+02
5.7158409955e+02
5.8496568474e+02
5.9866055161e+02
6.1267603451e+02
6.2701963951e+02
6.4169904842e+02
6.5672212287e+02
6.7209690856e+02
6.8783163954e+02
7.0393474264e+02
7.2041484195e+02
7.3728076350e+02
7.5454153992e+02
7.7220641532e+02
7.9028485021e+02
8.0878652662e+02
8.2772135321e+02
8.4709947064e+02
8.6693125697e+02
8.8722733323e+02
9.0799856909e+02
9.2925608870e+02
9.5101127665e+02
9.7327578405e+02
9.9606153479e+02
1.0193807319e+03
1.0432458641e+03
1.0676697125e+03
1.0926653575e+03
1.1182461855e+03
1.1444258966e+03
1.1712185115e+03
1.1986383790e+03
1.2267001841e+03
1.2554189554e+03
1.2848100733e+03
1.3148892786e+03
1.3456726802e+03
1.3771767644e+03
1.4094184034e+03
1.4424148644e+03
1.4761838188e+03
1.5107433518e+03
1.5461119719e+03
1.5823086209e+03
1.6193526843e+03
1.6572640012e+03
1.6960628751e+03
1.7357700851e+03
1.7764068965e+03
1.8179950726e+03
1.8605568863e+03
1.9041151317e+03
1.9486931367e+03
1.9943147753e+03
2.0410044804e+03
2.0887872570e+03
2.1376886954e+03
2.1877349850e+03
2.2389529285e+03
2.2913699558e+03
2.3450141392e+03
2.3999142081e+03
2.4560995647e+03
2.5136002992e+03
2.5724472066e+03
2.6326718025e+03
2.6943063407e+03
2.7573838298e+03
2.8219380514e+03
2.8880035779e+03
2.9556157909e+03
3.0248109006e+03
3.0956259649e+03
3.1680989092e+03
3.2422685466e+03
3.3181745993e+03
3.3958577191e+03
3.4753595097e+03
3.5567225486e+03
3.6399904104e+03
3.7252076895e+03
3.8124200247e+03
3.9016741229e+03
3.9930177847e+03
4.0864999296e+03
4.1821706227e+03
4.2800811008e+03
4.3802838005e+03
4.4828323859e+03
4.5877817774e+03
4.6951881814e+03
4.8051091199e+03
4.9176034616e+03
5.0327314537e+03
5.1505547534e+03
5.2711364618e+03
5.3945411571e+03
5.5208349293e+03
5.6500854158e+03
5.7823618374e+03
5.9177350355e+03
6.0562775099e+03
6.1980634580e+03
6.3431688139e+03
6.4916712896e+03
6.6436504165e+03
6.7991875879e+03
6.9583661025e+03
7.1212712093e+03
7.2879901531e+03
7.4586122211e+03
7.6332287909e+03
7.8119333795e+03
7.9948216931e+03
8.1819916785e+03
8.3735435757e+03
8.5695799714e+03
8.7702058540e+03
8.9755286698e+03
9.1856583806e+03
9.4007075226e+03
9.6207912664e+03
9.8460274794e+03
1.0076536788e+04
1.0312442642e+04
1.0553871384e+04
1.0800952311e+04
1.1053817748e+04
1.1312603120e+04
1.1577447021e+04
1.1848491288e+04
1.2125881082e+04
1.2409764960e+04
1.2700294958e+04
1.2997626670e+04
1.3301919334e+04
1.3613335916e+04
1.3932043198e+04
1.4258211863e+04
1.4592016594e+04
1.4933636162e+04
1.5283253523e+04
1.5641055917e+04
1.6007234967e+04
1.6381986781e+04
1.6765512061e+04
1.7158016205e+04
1.7559709422e+04
1.7970806840e+04
1.8391528625e+04
1.8822100097e+04
1.9262751851e+04
1.9713719880e+04
2.0175245703e+04
2.0647576493e+04
2.1130965209e+04
2.1625670732e+04
2.2131958005e+04
2.2650098174e+04
2.3180368730e+04
2.3723053663e+04
2.4278443611e+04
2.4846836017e+04
2.5428535286e+04
2.6023852951e+04
2.6633107837e+04
2.7256626234e+04
