1.9368720163e-03
2.0218955149e-03
2.1106513174e-03
2.2033032622e-03
2.3000223795e-03
2.4009872071e-03
2.5063841206e-03
2.6164076764e-03
2.7312609720e-03
2.8511560199e-03
2.9763141396e-03
3.1069663658e-03
3.2433538751e-03
3.3857284311e-03
3.5343528491e-03
3.6895014814e-03
3.8514607234e-03
4.0205295428e-03
4.1970200309e-03
4.3812579791e-03
4.5735834803e-03
4.7743515563e-03
4.9839328136e-03
5.2027141273e-03
5.4310993552e-03
5.6695100834e-03
5.9183864047e-03
6.1781877304e-03
6.4493936391e-03
6.7325047615e-03
7.0280437046e-03
7.3365560164e-03
7.6586111931e-03
7.9948037303e-03
8.3457542202e-03
8.7121104974e-03
9.0945488349e-03
9.4937751921e-03
9.9105265179e-03
1.0345572112e-02
1.0799715043e-02
1.1273793634e-02
1.1768683006e-02
1.2285296697e-02
1.2824588347e-02
1.3387553457e-02
1.3975231230e-02
1.4588706483e-02
1.5229111659e-02
1.5897628908e-02
1.6595492276e-02
1.7323989978e-02
1.8084466779e-02
1.8878326477e-02
1.9707034492e-02
2.0572120570e-02
2.1475181613e-02
2.2417884619e-02
2.3401969764e-02
2.4429253614e-02
2.5501632476e-02
2.6621085900e-02
2.7789680334e-02
2.9009572936e-02
3.0283015559e-02
3.1612358906e-02
3.3000056868e-02
3.4448671057e-02
3.5960875533e-02
3.7539461739e-02
3.9187343655e-02
4.0907563177e-02
4.2703295733e-02
4.4577856143e-02
4.6534704739e-02
4.8577453751e-02
5.0709873979e-02
5.2935901749e-02
5.5259646181e-02
5.7685396775e-02
6.0217631329e-02
6.2861024204e-02
6.5620454952e-02
6.8501017326e-02
7.1508028680e-02
7.4647039786e-02
7.7923845080e-02
8.1344493357e-02
8.4915298940e-02
8.8642853332e-02
9.2534037388e-02
9.6596034011e-02
1.0083634142e-01
1.0526278697e-01
1.0988354164e-01
1.1470713507e-01
1.1974247135e-01
1.2499884541e-01
1.3048596023e-01
1.3621394471e-01
1.4219337238e-01
1.4843528092e-01
1.5495119255e-01
1.6175313525e-01
1.6885366504e-01
1.7626588909e-01
1.8400348994e-01
1.9208075076e-01
2.0051258172e-01
2.0931454749e-01
2.1850289601e-01
2.2809458843e-01
2.3810733049e-01
2.4855960513e-01
2.5947070666e-01
2.7086077635e-01
2.8275083961e-01
2.9516284484e-01
3.0811970388e-01
3.2164533436e-01
3.3576470383e-01
3.5050387583e-01
3.6589005804e-01
3.8195165248e-01
3.9871830793e-01
4.1622097469e-01
4.3449196169e-01
4.5356499612e-01
4.7347528572e-01
4.9425958376e-01
5.1595625686e-01
5.3860535586e-01
5.6224868969e-01
5.8692990261e-01
6.1269455472e-01
6.3959020612e-01
6.6766650465e-01
6.9697527755e-01
7.2757062715e-01
7.5950903072e-01
7.9284944475e-01
8.2765341373e-01
8.6398518382e-01
9.0191182139e-01
9.4150333686e-01
9.8283281392e-01
1.0259765444e+00
1.0710141692e+00
1.1180288253e+00
1.1671072989e+00
1.2183401862e+00
1.2718220601e+00
1.3276516452e+00
1.3859319996e+00
1.4467707057e+00
1.5102800682e+00
1.5765773217e+00
1.6457848473e+00
1.7180303980e+00
1.7934473351e+00
1.8721748739e+00
1.9543583409e+00
2.0401494423e+00
2.1297065434e+00
2.2231949617e+00
2.3207872713e+00
2.4226636221e+00
2.5290120722e+00
2.6400289346e+00
2.7559191402e+00
2.8768966157e+00
3.0031846786e+00
3.1350164496e+00
3.2726352825e+00
3.4162952139e+00
3.5662614319e+00
3.7228107656e+00
3.8862321961e+00
4.0568273900e+00
4.2349112565e+00
4.4208125282e+00
4.6148743682e+00
4.8174550037e+00
5.0289283870e+00
5.2496848860e+00
5.4801320045e+00
5.7206951348e+00
5.9718183428e+00
6.2339651876e+00
6.5076195775e+00
6.7932866627e+00
7.0914937686e+00
7.4027913684e+00
7.7277540999e+00
8.0669818256e+00
8.4211007408e+00
8.7907645287e+00
9.1766555677e+00
9.5794861906e+00
1.0000000000e+01
