1.5038595535e+04
1.5577926130e+04
1.6131224519e+04
1.6698363579e+04
1.7279159694e+04
1.7873385157e+04
1.8480730283e+04
1.9100825431e+04
1.9733233010e+04
2.0377433731e+04
2.1032826233e+04
2.1698727014e+04
2.2374359247e+04
2.3058844989e+04
2.3751205832e+04
2.4450349500e+04
2.5155069828e+04
2.5864042565e+04
2.6575809065e+04
2.7288774217e+04
2.8001221355e+04
2.8711281708e+04
2.9416930359e+04
3.0115997503e+04
3.0806154937e+04
3.1484887519e+04
3.2149513669e+04
3.2797247370e+04
3.3425077207e+04
3.4029811193e+04
3.4608111776e+04
3.5156469633e+04
3.5671219310e+04
3.6148578791e+04
3.6584594736e+04
3.6975233773e+04
3.7316362432e+04
3.7603814928e+04
3.7833410487e+04
3.8000999284e+04
3.8102558800e+04
3.8134218813e+04
3.8092380008e+04
3.7973762556e+04
3.7775571416e+04
3.7495576314e+04
3.7132221309e+04
3.6684791564e+04
3.6153522449e+04
3.5539755205e+04
3.4846039811e+04
3.4076256017e+04
3.3235701930e+04
3.2331141245e+04
3.1370802100e+04
3.0364325048e+04
2.9322672257e+04
2.8257919633e+04
2.7183011444e+04
2.6111410434e+04
2.5056665805e+04
2.4031953404e+04
2.3049553421e+04
2.2120221682e+04
2.1252628416e+04
2.0452721373e+04
1.9723152595e+04
1.9062745801e+04
1.8466005903e+04
1.7922955949e+04
1.7419024548e+04
1.6935513968e+04
1.6450638264e+04
1.5941193218e+04
1.5385126964e+04
1.4764664955e+04
1.4069413945e+04
1.3298826584e+04
1.2468455123e+04
1.1604830304e+04
1.0741494292e+04
9.9177128027e+03
9.1724277689e+03
8.5334635147e+03
8.0146903710e+03
7.6104047847e+03
7.2978674247e+03
7.0360972339e+03
6.7732658437e+03
6.4649531038e+03
6.0829084606e+03
5.6309309037e+03
5.1468589429e+03
4.6843673588e+03
4.2944435365e+03
4.0016376521e+03
3.7942417082e+03
3.6298308471e+03
3.4536396774e+03
3.2302642731e+03
2.9657712409e+03
2.7020196611e+03
2.4841818357e+03
2.3261585402e+03
2.2033267953e+03
2.0752264695e+03
1.9230623503e+03
1.7653995099e+03
1.6323756469e+03
1.5302419917e+03
1.4382412895e+03
1.3386889476e+03
1.2388377169e+03
1.1539737523e+03
1.0823179899e+03
1.0120587111e+03
9.4283315115e+02
8.8179928948e+02
8.2754580570e+02
7.7535983244e+02
7.2698077358e+02
6.8363940172e+02
6.4312697022e+02
6.0558405296e+02
5.7138024835e+02
5.3960710633e+02
5.1034468624e+02
4.8339625938e+02
4.5845497108e+02
4.3538944397e+02
4.1404890638e+02
3.9425803923e+02
3.7587508176e+02
3.5876486600e+02
3.4279250484e+02
3.2785264129e+02
3.1383724504e+02
3.0063433359e+02
2.8816013737e+02
2.7633399629e+02
2.6506977767e+02
2.5430248146e+02
2.4397282843e+02
2.3401628313e+02
2.2438548003e+02
2.1504228318e+02
2.0594215550e+02
1.9705333369e+02
1.8835601942e+02
1.7982395145e+02
1.7144182422e+02
1.6320516760e+02
1.5510338894e+02
1.4713623502e+02
1.3931082755e+02
1.3162818560e+02
1.2410029137e+02
1.1674116461e+02
1.0955817674e+02
1.0257076150e+02
9.5794685637e+01
8.9238160183e+01
8.2922498283e+01
7.6860192767e+01
7.1055099757e+01
6.5525362895e+01
6.0277182097e+01
5.5307016700e+01
5.0626449994e+01
4.6234589818e+01
4.2120459773e+01
3.8288106534e+01
3.4730517275e+01
3.1431228079e+01
2.8388298211e+01
2.5590777704e+01
2.3019561560e+01
2.0668677942e+01
1.8525783708e+01
1.6571907365e+01
1.4799070528e+01
1.3195231233e+01
1.1743240229e+01
1.0434787500e+01
9.2590758878e+00
8.2015826573e+00
7.2543131129e+00
6.4082947673e+00
5.6517944956e+00
4.9778129097e+00
4.3791042221e+00
3.8466229852e+00
3.3745714684e+00
2.9573390481e+00
2.5881259181e+00
2.2622873584e+00
1.9755814928e+00
1.7229946710e+00
1.5009527939e+00
1.3063296529e+00
