5.2407630035e+03
4.9820933284e+03
4.7353418914e+03
4.5087540734e+03
4.3079593692e+03
4.1358868277e+03
3.9923572849e+03
3.8737069799e+03
3.7741279872e+03
3.6853852728e+03
3.5983214524e+03
3.5047346199e+03
3.3985885494e+03
3.2770269315e+03
3.1413544522e+03
2.9968113011e+03
2.8506741142e+03
2.7110720698e+03
2.5850980387e+03
2.4766274150e+03
2.3861442900e+03
2.3106287647e+03
2.2441760491e+03
2.1798038360e+03
2.1115554808e+03
2.0359223379e+03
1.9531329025e+03
1.8667995739e+03
1.7821672725e+03
1.7043946920e+03
1.6363295368e+03
1.5779114006e+03
1.5262353836e+03
1.4770890797e+03
1.4267200589e+03
1.3734760401e+03
1.3183520108e+03
1.2641071133e+03
1.2136459422e+03
1.1684232412e+03
1.1278444810e+03
1.0898723129e+03
1.0523361282e+03
1.0142854137e+03
9.7628667469e+02
9.3981464779e+02
9.0600387861e+02
8.7487518487e+02
8.4553395261e+02
8.1694613854e+02
7.8875163909e+02
7.6137860676e+02
7.3544002110e+02
7.1111726122e+02
6.8806860731e+02
6.6583138015e+02
6.4425740101e+02
6.2353380317e+02
6.0385299051e+02
5.8516200579e+02
5.6725210579e+02
5.5000275544e+02
5.3345272688e+02
5.1765664317e+02
5.0257333697e+02
4.8811218525e+02
4.7424367967e+02
4.6094544732e+02
4.4819506258e+02
4.3597012408e+02
4.2424669265e+02
4.1299842347e+02
4.0219926772e+02
3.9182247762e+02
3.8184757139e+02
3.7225332930e+02
3.6301975881e+02
3.5412764911e+02
3.4555842774e+02
3.3729415775e+02
3.2931722452e+02
3.2161061203e+02
3.1415764431e+02
3.0694033823e+02
2.9994643807e+02
2.9316222287e+02
2.8657437393e+02
2.8017052418e+02
2.7393862582e+02
2.6786714754e+02
2.6194505538e+02
2.5616190447e+02
2.5050752326e+02
2.4497051204e+02
2.3954426263e+02
2.3422054320e+02
2.2899166759e+02
2.2385124219e+02
2.1879265888e+02
2.1380981509e+02
2.0889709220e+02
2.0404937530e+02
1.9926185352e+02
1.9452889563e+02
1.8984838351e+02
1.8521674780e+02
1.8063145531e+02
1.7609124670e+02
1.7159392400e+02
1.6713803034e+02
1.6272250702e+02
1.5834667065e+02
1.5401008256e+02
1.4971179817e+02
1.4545321316e+02
1.4123454127e+02
1.3705788604e+02
1.3292506363e+02
1.2883671897e+02
1.2479445840e+02
1.2080003990e+02
1.1685534532e+02
1.1296234632e+02
1.0912261160e+02
1.0533935455e+02
1.0161431400e+02
9.7952435398e+01
9.4355190208e+01
9.0823828059e+01
8.7360409527e+01
8.3966903813e+01
8.0645235976e+01
7.7397191841e+01
7.4224157695e+01
7.1128927989e+01
6.8111981174e+01
6.5177919765e+01
6.2325635365e+01
5.9555182724e+01
5.6866863253e+01
5.4260973095e+01
5.1737644414e+01
4.9296801269e+01
4.6938060903e+01
4.4662385150e+01
4.2468032483e+01
4.0357300038e+01
3.8326952823e+01
3.6375582609e+01
3.4501533549e+01
3.2703326084e+01
3.0979439600e+01
2.9328240647e+01
2.7748001525e+01
2.6238094216e+01
2.4795641681e+01
2.3420963293e+01
2.2110391723e+01
2.0861909946e+01
1.9673086247e+01
1.8541860839e+01
1.7466212694e+01
1.6444081762e+01
1.5473475382e+01
1.4553279088e+01
1.3680761869e+01
1.2855289789e+01
1.2073924592e+01
1.1334881018e+01
1.0636005520e+01
9.9754727907e+00
9.3515692740e+00
8.7625376699e+00
8.2067595822e+00
7.6831999810e+00
7.1898118372e+00
6.7257738795e+00
6.2891137685e+00
5.8785237074e+00
5.4924454633e+00
5.1295823936e+00
4.7887306609e+00
4.4686414696e+00
4.1682104279e+00
3.8866814857e+00
3.6227528734e+00
3.3757338089e+00
3.1444329459e+00
2.9280223848e+00
2.7255165060e+00
2.5360823478e+00
2.3589888640e+00
2.1934466332e+00
2.0387772135e+00
1.8944712680e+00
1.7597811665e+00
1.6342258414e+00
1.5171409882e+00
1.4080335962e+00
1.3063296529e+00
