3.6486464479e+04
3.7795995669e+04
3.9139544301e+04
4.0516814102e+04
4.1927372666e+04
4.3370681571e+04
4.4846004541e+04
4.6352460870e+04
4.7889006079e+04
4.9454398579e+04
5.1047198783e+04
5.2665768934e+04
5.4308245955e+04
5.5972522527e+04
5.7656248606e+04
5.9356798825e+04
6.1071272329e+04
6.2796482436e+04
6.4528916889e+04
6.6264732589e+04
6.7999791425e+04
6.9729585847e+04
7.1449228602e+04
7.3153479535e+04
7.4836712222e+04
7.6492844067e+04
7.8115385259e+04
7.9697588255e+04
8.1232153513e+04
8.2711337189e+04
8.4127034960e+04
8.5470717377e+04
8.6733466698e+04
8.7906071792e+04
8.8978894403e+04
8.9942089753e+04
9.0785557339e+04
9.1499105118e+04
9.2072491739e+04
9.2495538694e+04
9.2758365334e+04
9.2851451523e+04
9.2765928033e+04
9.2493697864e+04
9.2027841312e+04
9.1362814687e+04
9.0494721199e+04
8.9421720646e+04
8.8144299042e+04
8.6665650514e+04
8.4991930083e+04
8.3132549040e+04
8.1100389798e+04
7.8911918455e+04
7.6587178055e+04
7.4149656645e+04
7.1626060012e+04
6.9045799833e+04
6.6440391048e+04
6.3842596673e+04
6.1285375043e+04
5.8800761635e+04
5.6418601448e+04
5.4165025254e+04
5.2061090904e+04
5.0121242020e+04
4.8351921309e+04
4.6750282157e+04
4.5303001948e+04
4.3985888756e+04
4.2763609993e+04
4.1590828654e+04
4.0414721445e+04
3.9179028603e+04
3.7830287233e+04
3.6325408209e+04
3.4639201568e+04
3.2770350927e+04
3.0756573121e+04
2.8662199491e+04
2.6568555490e+04
2.4570835671e+04
2.2763440884e+04
2.1213811329e+04
1.9955552855e+04
1.8974818307e+04
1.8216466544e+04
1.7581147480e+04
1.6943234124e+04
1.6195074451e+04
1.5268223965e+04
1.4171920944e+04
1.2997888769e+04
1.1876203550e+04
1.0930397198e+04
1.0219916246e+04
9.7163503325e+03
9.3168895097e+03
8.8888686438e+03
8.3465626796e+03
7.7047046265e+03
7.0646826683e+03
6.5358557332e+03
6.1518299583e+03
5.8529584545e+03
5.5413098385e+03
5.1714322320e+03
4.7882715589e+03
4.4647196998e+03
4.2158607042e+03
3.9914915625e+03
3.7488787265e+03
3.5055735114e+03
3.2985085541e+03
3.1233649521e+03
2.9516308748e+03
2.7824549453e+03
2.6330922921e+03
2.5001332141e+03
2.3722308143e+03
2.2535558520e+03
2.1470648315e+03
2.0474493959e+03
1.9550153856e+03
1.8706397967e+03
1.7921467078e+03
1.7196887725e+03
1.6527787006e+03
1.5906898241e+03
1.5330646816e+03
1.4795255200e+03
1.4296642426e+03
1.3830988284e+03
1.3394883022e+03
1.2985227138e+03
1.2599107354e+03
1.2233761678e+03
1.1886636226e+03
1.1555406050e+03
1.1237953705e+03
1.0932335484e+03
1.0636767147e+03
1.0349637237e+03
1.0069513005e+03
9.7951339714e+02
9.5253986150e+02
9.2593567456e+02
8.9962133248e+02
8.7353286134e+02
8.4762129744e+02
8.2185178953e+02
7.9620284792e+02
7.7066560753e+02
7.4524288927e+02
7.1994809064e+02
6.9480399680e+02
6.6984144044e+02
6.4509781336e+02
6.2061550966e+02
5.9644035245e+02
5.7262003957e+02
5.4920260745e+02
5.2623498915e+02
5.0376169765e+02
4.8182366086e+02
4.6045723246e+02
4.3969342628e+02
4.1955740464e+02
4.0006821876e+02
3.8123878343e+02
3.6307606775e+02
3.4558148695e+02
3.2875146026e+02
3.1257808606e+02
2.9704987830e+02
2.8215251717e+02
2.6786957669e+02
2.5418319759e+02
2.4107468230e+02
2.2852499589e+02
2.1651516896e+02
2.0502660812e+02
1.9404132277e+02
1.8354207880e+02
1.7351248786e+02
1.6393704265e+02
1.5480110849e+02
1.4609087933e+02
1.3779330518e+02
1.2989599672e+02
1.2238711296e+02
1.1525523673e+02
1.0848924276e+02
1.0207816264e+02
9.6011051635e+01
9.0276861641e+01
8.4864325065e+01
7.9761854015e+01
7.4957459540e+01
7.0438695377e+01
