1.3225632329e+04
1.2598286672e+04
1.1999836373e+04
1.1450257634e+04
1.0963185628e+04
1.0545710551e+04
1.0197390893e+04
9.9093431598e+03
9.6674908302e+03
9.4518804163e+03
9.2403279484e+03
9.0129680813e+03
8.7551848914e+03
8.4600670177e+03
8.1307814152e+03
7.7800243126e+03
7.4254198794e+03
7.0866518249e+03
6.7808894270e+03
6.5175079457e+03
6.2976704462e+03
6.1140581977e+03
5.9523726970e+03
5.7957127616e+03
5.6296649538e+03
5.4457443995e+03
5.2445107271e+03
5.0347090117e+03
4.8290292278e+03
4.6399471098e+03
4.4743443574e+03
4.3320680885e+03
4.2060895397e+03
4.0862239847e+03
3.9634021514e+03
3.8336356181e+03
3.6993340135e+03
3.5671668231e+03
3.4441504535e+03
3.3337956298e+03
3.2346631675e+03
3.1418322097e+03
3.0500649392e+03
2.9570730311e+03
2.8642230315e+03
2.7750737559e+03
2.6923606478e+03
2.6161317817e+03
2.5442286466e+03
2.4741584347e+03
2.4050538401e+03
2.3379465206e+03
2.2743135023e+03
2.2145940184e+03
2.1579576832e+03
2.1032892233e+03
2.0502307494e+03
1.9992308617e+03
1.9507501801e+03
1.9046589495e+03
1.8604530166e+03
1.8178404108e+03
1.7769136574e+03
1.7378066802e+03
1.7004116476e+03
1.6645083345e+03
1.6300234579e+03
1.5969008518e+03
1.5650842274e+03
1.5345173609e+03
1.5051403555e+03
1.4768875732e+03
1.4496954603e+03
1.4235033029e+03
1.3982531772e+03
1.3738913161e+03
1.3503674356e+03
1.3276330525e+03
1.3056413985e+03
1.2843472647e+03
1.2637062599e+03
1.2436754767e+03
1.2242138755e+03
1.2052822298e+03
1.1868432218e+03
1.1688616540e+03
1.1513039561e+03
1.1341380603e+03
1.1173333781e+03
1.1008606346e+03
1.0846918257e+03
1.0688004358e+03
1.0531614326e+03
1.0377512545e+03
1.0225479042e+03
1.0075308604e+03
9.9268096057e+02
9.7798038700e+02
9.6341263444e+02
9.4896241642e+02
9.3461574898e+02
9.2035997484e+02
9.0618374358e+02
8.9207701036e+02
8.7803103396e+02
8.6403830294e+02
8.5009250256e+02
8.3618848644e+02
8.2232223737e+02
8.0849083408e+02
7.9469242403e+02
7.8092618207e+02
7.6719226427e+02
7.5349175327e+02
7.3982661052e+02
7.2619962460e+02
7.1261435210e+02
6.9907505677e+02
6.8558664811e+02
6.7215460974e+02
6.5878492948e+02
6.4548402926e+02
6.3225869306e+02
6.1911599477e+02
6.0606322879e+02
5.9310783913e+02
5.8025734922e+02
5.6751929200e+02
5.5490114406e+02
5.4241026338e+02
5.3005382874e+02
5.1783878302e+02
5.0577178170e+02
4.9385914338e+02
4.8210680587e+02
4.7052028850e+02
4.5910465936e+02
4.4786450812e+02
4.3680392773e+02
4.2592650072e+02
4.1523529103e+02
4.0473284242e+02
3.9442118210e+02
3.8430182886e+02
3.7437580712e+02
3.6464366573e+02
3.5510550025e+02
3.4576097974e+02
3.3660937668e+02
3.2764959850e+02
3.1888022074e+02
3.1029952144e+02
3.0190551524e+02
2.9369598748e+02
2.8566852769e+02
2.7782056170e+02
2.7014938225e+02
2.6265217807e+02
2.5532606068e+02
2.4816808874e+02
2.4117529026e+02
2.3434468224e+02
2.2767328786e+02
2.2115815149e+02
2.1479635160e+02
2.0858501137e+02
2.0252130774e+02
1.9660247862e+02
1.9082582832e+02
1.8518873156e+02
1.7968863613e+02
1.7432306423e+02
1.6908961276e+02
1.6398595263e+02
1.5900982717e+02
1.5415904979e+02
1.4943150092e+02
1.4482512435e+02
1.4033792302e+02
1.3596795429e+02
1.3171332492e+02
1.2757218562e+02
1.2354272542e+02
1.1962316575e+02
1.1581175445e+02
1.1210675958e+02
1.0850646333e+02
1.0500915588e+02
1.0161312934e+02
9.8316671931e+01
9.5118062268e+01
9.2015564019e+01
8.9007420824e+01
8.6091851632e+01
8.3267046495e+01
8.0531162871e+01
7.7882322505e+01
7.5318608944e+01
7.2838065738e+01
7.0438695377e+01
