6.3318042251e+00
6.5582789414e+00
6.7909623213e+00
7.0298593653e+00
7.2749583401e+00
7.5262266820e+00
7.7836085250e+00
8.0470226187e+00
8.3163601467e+00
8.5914862573e+00
8.8722264977e+00
9.1583775992e+00
9.4496967134e+00
9.7459025401e+00
1.0046677334e+01
1.0351660069e+01
1.0660447505e+01
1.0972603720e+01
1.1287649040e+01
1.1605063941e+01
1.1924293753e+01
1.2244747472e+01
1.2565785004e+01
1.2886708498e+01
1.3206774372e+01
1.3525157317e+01
1.3840958178e+01
1.4153187167e+01
1.4460761649e+01
1.4762511872e+01
1.5057169967e+01
1.5343395191e+01
1.5619812136e+01
1.5884984167e+01
1.6137449804e+01
1.6375726005e+01
1.6598287170e+01
1.6803548162e+01
1.6989856541e+01
1.7155469657e+01
1.7298601526e+01
1.7417448973e+01
1.7510235641e+01
1.7575242732e+01
1.7610812195e+01
1.7615344723e+01
1.7587307912e+01
1.7525312804e+01
1.7428188895e+01
1.7295089379e+01
1.7125533456e+01
1.6919395466e+01
1.6676915409e+01
1.6398739050e+01
1.6085977928e+01
1.5740255615e+01
1.5363742489e+01
1.4959212659e+01
1.4530100464e+01
1.4080501620e+01
1.3615079183e+01
1.3138898736e+01
1.2657291383e+01
1.2175726847e+01
1.1699710932e+01
1.1234646626e+01
1.0785636006e+01
1.0357247055e+01
9.9532446007e+00
9.5763355665e+00
9.2279439093e+00
8.9079977727e+00
8.6147616190e+00
8.3448180736e+00
8.0931491282e+00
7.8532621956e+00
7.6173395149e+00
7.3767939287e+00
7.1230927954e+00
6.8488785942e+00
6.5491818394e+00
6.2224210927e+00
5.8711209504e+00
5.5032057011e+00
5.1302780884e+00
4.7659538429e+00
4.4247111789e+00
4.1195892679e+00
3.8585788449e+00
3.6437582665e+00
3.4701210359e+00
3.3266472952e+00
3.1971230249e+00
3.0633877944e+00
2.9115353253e+00
2.7351656085e+00
2.5390769123e+00
2.3384864200e+00
2.1522322169e+00
1.9958696087e+00
1.8746661464e+00
1.7816113750e+00
1.7008273923e+00
1.6148025303e+00
1.5142891658e+00
1.4036735318e+00
1.2974064266e+00
1.2088596226e+00
1.1404382719e+00
1.0829978820e+00
1.0241099074e+00
9.5920102127e-01
8.9470245075e-01
8.3938631396e-01
7.9427055757e-01
7.5280972892e-01
7.1006612873e-01
6.6837001562e-01
6.3197652948e-01
6.0014816559e-01
5.6947611765e-01
5.3982012260e-01
5.1311324699e-01
4.8893209249e-01
4.6590371232e-01
4.4441021736e-01
4.2477459299e-01
4.0635887445e-01
3.8911260503e-01
3.7312171343e-01
3.5809913589e-01
3.4400853247e-01
3.3078016768e-01
3.1828780529e-01
3.0645868995e-01
2.9523200151e-01
2.8453134214e-01
2.7428503985e-01
2.6444317690e-01
2.5494889431e-01
2.4574678492e-01
2.3680170382e-01
2.2807221290e-01
2.1951596609e-01
2.1111267820e-01
2.0283725299e-01
1.9466207841e-01
1.8657908810e-01
1.7857797535e-01
1.7064712042e-01
1.6278926908e-01
1.5500704391e-01
1.4730378195e-01
1.3969090377e-01
1.3218037862e-01
1.2478656338e-01
1.1752818940e-01
1.1042009733e-01
1.0348279167e-01
9.6738128789e-02
9.0198441009e-02
8.3883768440e-02
7.7815330709e-02
7.1997730032e-02
6.6445066138e-02
6.1174602686e-02
5.6180777533e-02
5.1468981990e-02
4.7049996227e-02
4.2909565953e-02
3.9044488030e-02
3.5458038772e-02
3.2131727954e-02
2.9055504778e-02
2.6227156042e-02
2.3627418143e-02
2.1242368966e-02
1.9066617371e-02
1.7082719432e-02
1.5275457718e-02
1.3638109042e-02
1.2156054879e-02
1.0814537323e-02
9.6068608255e-03
8.5210499943e-03
7.5440758890e-03
6.6697206416e-03
5.8885250682e-03
5.1896530274e-03
4.5675450716e-03
4.0149352782e-03
3.5233000410e-03
3.0878296815e-03
2.7030930139e-03
2.3625998195e-03
2.0624057578e-03
1.7985058525e-03
1.5661101307e-03
1.3621039957e-03
1.1836025024e-03
