3.2220270462e+00
3.1523182183e+00
3.0796956034e+00
3.0020778344e+00
2.9179414222e+00
2.8265065719e+00
2.7279833856e+00
2.6236719346e+00
2.5157943867e+00
2.4071932295e+00
2.3009013662e+00
2.1998327332e+00
2.1066087632e+00
2.0230462811e+00
1.9498733866e+00
1.8868177552e+00
1.8324890934e+00
1.7846868000e+00
1.7407087050e+00
1.6975274823e+00
1.6524995596e+00
1.6037393563e+00
1.5504588535e+00
1.4930958210e+00
1.4333355035e+00
1.3735899022e+00
1.3163950399e+00
1.2639942634e+00
1.2176496124e+00
1.1774828182e+00
1.1425080674e+00
1.1109335846e+00
1.0805490670e+00
1.0494620395e+00
1.0165593510e+00
9.8175634136e-01
9.4607902329e-01
9.1107730774e-01
8.7832585304e-01
8.4879780568e-01
8.2255915555e-01
7.9885593516e-01
7.7642981591e-01
7.5412226181e-01
7.3128853076e-01
7.0808708140e-01
6.8521328061e-01
6.6355275825e-01
6.4360697826e-01
6.2534493841e-01
6.0822354237e-01
5.9160082242e-01
5.7507913479e-01
5.5870612574e-01
5.4284796532e-01
5.2785797422e-01
5.1383774219e-01
5.0058593014e-01
4.8779038358e-01
4.7527881240e-01
4.6309596662e-01
4.5140043348e-01
4.4028762902e-01
4.2970116111e-01
4.1950305868e-01
4.0960828868e-01
4.0003428421e-01
3.9083561614e-01
3.8201773533e-01
3.7352705476e-01
3.6531046802e-01
3.5735638428e-01
3.4967603390e-01
3.4226555124e-01
3.3509698707e-01
3.2814892162e-01
3.2141076533e-01
3.1487200462e-01
3.0852125512e-01
3.0234831241e-01
2.9634120496e-01
2.9048791665e-01
2.8477702210e-01
2.7919948754e-01
2.7374631475e-01
2.6840867312e-01
2.6317804921e-01
2.5804613760e-01
2.5300573195e-01
2.4804908641e-01
2.4316905847e-01
2.3835877050e-01
2.3361056831e-01
2.2891994068e-01
2.2428227790e-01
2.1969302613e-01
2.1514767618e-01
2.1064217892e-01
2.0617288686e-01
2.0173646958e-01
1.9732998887e-01
1.9295099848e-01
1.8859659960e-01
1.8426504040e-01
1.7995566433e-01
1.7566806368e-01
1.7140175865e-01
1.6715649849e-01
1.6293245077e-01
1.5872996281e-01
1.5454973926e-01
1.5039292108e-01
1.4626091104e-01
1.4215470429e-01
1.3807683882e-01
1.3403000262e-01
1.3001618142e-01
1.2603772002e-01
1.2209716160e-01
1.1819716943e-01
1.1434053124e-01
1.1053019500e-01
1.0676940152e-01
1.0306094026e-01
9.9408646358e-02
9.5815026499e-02
9.2282937843e-02
8.8814479479e-02
8.5412174665e-02
8.2078423130e-02
7.8815506179e-02
7.5625539467e-02
7.2511001311e-02
6.9473763783e-02
6.6516083403e-02
6.3639275121e-02
6.0844109653e-02
5.8130211905e-02
5.5498110912e-02
5.2948108993e-02
5.0480384428e-02
4.8094848623e-02
4.5791701439e-02
4.3570658606e-02
4.1431011516e-02
3.9373356247e-02
3.7395043730e-02
3.5494381645e-02
3.3669539118e-02
3.1919033707e-02
3.0241363672e-02
2.8634878487e-02
2.7098066618e-02
2.5629727118e-02
2.4227522882e-02
2.2890540217e-02
2.1616098982e-02
2.0401956586e-02
1.9245471721e-02
1.8144619974e-02
1.7097521335e-02
1.6102265933e-02
1.5157025961e-02
1.4260237080e-02
1.3409982915e-02
1.2604519074e-02
1.1842230765e-02
1.1120837523e-02
1.0438304431e-02
9.7927264711e-03
9.1825061110e-03
8.6061071972e-03
8.0620155490e-03
7.5488869864e-03
7.0653989935e-03
6.6099799978e-03
6.1816085551e-03
5.7784983264e-03
5.3993827239e-03
5.0428607679e-03
4.7077252044e-03
4.3929035516e-03
4.0973456231e-03
3.8200842457e-03
3.5602510943e-03
3.3167936560e-03
3.0889060591e-03
2.8756082972e-03
2.6760295851e-03
2.4893468544e-03
2.3147257098e-03
2.1514931684e-03
1.9990004535e-03
1.8566188387e-03
1.7237973642e-03
1.5999451081e-03
1.4845294437e-03
1.3770108159e-03
1.2768545237e-03
1.1836025024e-03
