3.3686150731e-04
3.2056501165e-04
3.0501929440e-04
2.9074356484e-04
2.7809226567e-04
2.6724976030e-04
2.5820467111e-04
2.5072619949e-04
2.4444855139e-04
2.3885314065e-04
2.3336335455e-04
2.2746279554e-04
2.2077147189e-04
2.1310963693e-04
2.0455952661e-04
1.9545112477e-04
1.8624257429e-04
1.7744562529e-04
1.6950672323e-04
1.6266972349e-04
1.5696498399e-04
1.5220231356e-04
1.4800998392e-04
1.4394851764e-04
1.3964306022e-04
1.3487287733e-04
1.2965243695e-04
1.2420912377e-04
1.1887298839e-04
1.1396858211e-04
1.0967499671e-04
1.0598834337e-04
1.0272581729e-04
9.9622431867e-05
9.6442182021e-05
9.3081212503e-05
8.9602163360e-05
8.6178577974e-05
8.2993087421e-05
8.0137115636e-05
7.7573238175e-05
7.5173357060e-05
7.2801057356e-05
7.0396665343e-05
6.7995780007e-05
6.5691079494e-05
6.3553830733e-05
6.1585311214e-05
5.9729300533e-05
5.7920844241e-05
5.6137331347e-05
5.4405647286e-05
5.2764281201e-05
5.1224640264e-05
4.9765185366e-05
4.8356854722e-05
4.6990331351e-05
4.5677336432e-05
4.4429913431e-05
4.3244708590e-05
4.2108598033e-05
4.1013992916e-05
3.9963312266e-05
3.8960002511e-05
3.8001383001e-05
3.7081739175e-05
3.6199189841e-05
3.5352300905e-05
3.4539634990e-05
3.3759756296e-05
3.3011132840e-05
3.2292082245e-05
3.1600953774e-05
3.0936097751e-05
3.0296136642e-05
2.9679704987e-05
2.9085519905e-05
2.8512346623e-05
2.7958992311e-05
2.7424304332e-05
2.6907150737e-05
2.6406437614e-05
2.5921100758e-05
2.5450041483e-05
2.4992411097e-05
2.4547320499e-05
2.4113912354e-05
2.3691380916e-05
2.3278947919e-05
2.2875868273e-05
2.2481428986e-05
2.2094954945e-05
2.1715792612e-05
2.1343251921e-05
2.0976861170e-05
2.0616091507e-05
2.0260448060e-05
1.9909499617e-05
1.9562820101e-05
1.9220015215e-05
1.8880722458e-05
1.8544612206e-05
1.8211374289e-05
1.7880675073e-05
1.7552353620e-05
1.7226192218e-05
1.6902024619e-05
1.6579747652e-05
1.6259231950e-05
1.5940387827e-05
1.5623151774e-05
1.5307485230e-05
1.4993362363e-05
1.4680742368e-05
1.4369711365e-05
1.4060301062e-05
1.3752627087e-05
1.3446803642e-05
1.3142901065e-05
1.2841034617e-05
1.2541330663e-05
1.2243924931e-05
1.1948953393e-05
1.1656535684e-05
1.1366888670e-05
1.1080152466e-05
1.0796609908e-05
1.0516395577e-05
1.0239631448e-05
9.9664738794e-06
9.6970740307e-06
9.4315804347e-06
9.1701309570e-06
8.9128363559e-06
8.6598952227e-06
8.4113763630e-06
8.1675521020e-06
7.9284147673e-06
7.6940059542e-06
7.4643752915e-06
7.2395686016e-06
7.0196205874e-06
6.8045529823e-06
6.5943542577e-06
6.3891137422e-06
6.1887479298e-06
5.9934110001e-06
5.8029436923e-06
5.6172866531e-06
5.4363612518e-06
5.2600979253e-06
5.0884248435e-06
4.9212638918e-06
4.7585220043e-06
4.6002041240e-06
4.4461448364e-06
4.2964168233e-06
4.1508118608e-06
4.0092354829e-06
3.8715586177e-06
3.7376783748e-06
3.6074969338e-06
3.4809142564e-06
3.3578338144e-06
3.2382474718e-06
3.1219877946e-06
3.0090990773e-06
2.8993992288e-06
2.7928128714e-06
2.6892215992e-06
2.5885370847e-06
2.4906810943e-06
2.3955691562e-06
2.3031299227e-06
2.2133688209e-06
2.1261501755e-06
2.0415195423e-06
1.9593404789e-06
1.8795682045e-06
1.8021126594e-06
1.7269179247e-06
1.6539386103e-06
1.5831185299e-06
1.5144183292e-06
1.4478677808e-06
1.3833772738e-06
1.3209914061e-06
1.2606130860e-06
1.2022303362e-06
1.1457762463e-06
1.0912144541e-06
1.0385255483e-06
9.8766907393e-07
9.3862384172e-07
8.9142331009e-07
8.4600427452e-07
8.0239030957e-07
7.6050632520e-07
7.2035079190e-07
6.8185876073e-07
