9.4765210413e-04
9.8165096087e-04
1.0165316623e-03
1.0522863552e-03
1.0889036382e-03
1.1263693442e-03
1.1646641536e-03
1.2037649821e-03
1.2436444778e-03
1.2842701546e-03
1.3256043694e-03
1.3676043176e-03
1.4102213278e-03
1.4534003710e-03
1.4970801007e-03
1.5411920070e-03
1.5856604145e-03
1.6304022148e-03
1.6753258373e-03
1.7203311154e-03
1.7653102213e-03
1.8101457373e-03
1.8547103950e-03
1.8988677779e-03
1.9424714629e-03
1.9853632131e-03
2.0273742594e-03
2.0683291953e-03
2.1080383444e-03
2.1463005715e-03
2.1829054740e-03
2.2176317167e-03
2.2502480032e-03
2.2805155549e-03
2.3081846488e-03
2.3330003590e-03
2.3547012856e-03
2.3730238221e-03
2.3877032500e-03
2.3984766428e-03
2.4050889532e-03
2.4072946152e-03
2.4048650509e-03
2.3975917774e-03
2.3852968749e-03
2.3678380871e-03
2.3451157908e-03
2.3170835706e-03
2.2837551578e-03
2.2452142941e-03
2.2016212553e-03
2.1532205005e-03
2.1003462533e-03
2.0434254520e-03
1.9829776259e-03
1.9196115431e-03
1.8540193983e-03
1.7869636168e-03
1.7192612975e-03
1.6517620835e-03
1.5853208792e-03
1.5207688416e-03
1.4588804625e-03
1.4003339716e-03
1.3456760087e-03
1.2952815414e-03
1.2493177957e-03
1.2077107433e-03
1.1701142365e-03
1.1358997634e-03
1.1041493769e-03
1.0736851988e-03
1.0431348298e-03
1.0110365578e-03
9.7600129900e-04
9.3690945470e-04
8.9310643645e-04
8.4455790518e-04
7.9224367748e-04
7.3783509887e-04
6.8344511829e-04
6.3154712787e-04
5.8459401103e-04
5.4433824406e-04
5.1165326475e-04
4.8617954775e-04
4.6648455690e-04
4.4998689432e-04
4.3342215095e-04
4.1399276102e-04
3.8991978363e-04
3.6144289146e-04
3.3094543424e-04
3.0180778347e-04
2.7724065272e-04
2.5878955342e-04
2.4571665688e-04
2.3535014821e-04
2.2424168576e-04
2.1016253818e-04
1.9349518608e-04
1.7687517149e-04
1.6314593798e-04
1.5318189298e-04
1.4543264516e-04
1.3735164132e-04
1.2775644835e-04
1.1781569026e-04
1.0942552971e-04
1.0297881119e-04
9.7169565986e-05
9.0885646716e-05
8.4583482569e-05
7.9224291794e-05
7.4695931202e-05
7.0255960163e-05
6.5881852698e-05
6.2023225338e-05
5.8591310322e-05
5.5290216779e-05
5.2228937147e-05
4.9484629664e-05
4.6918716126e-05
4.4539643536e-05
4.2370440492e-05
4.0354170438e-05
3.8495400897e-05
3.6781605619e-05
3.5193608625e-05
3.3722702295e-05
3.2359233697e-05
3.1092291901e-05
2.9912531741e-05
2.8811273269e-05
2.7780141580e-05
2.6812118358e-05
2.5900221701e-05
2.5037498498e-05
2.4218364839e-05
2.3437544394e-05
2.2689685127e-05
2.1970480321e-05
2.1275992487e-05
2.0602210526e-05
1.9946040770e-05
1.9304881008e-05
1.8675970678e-05
1.8057288251e-05
1.7447414273e-05
1.6844753631e-05
1.6248370350e-05
1.5657877065e-05
1.5072686072e-05
1.4492823968e-05
1.3918713696e-05
1.3350535463e-05
1.2789079645e-05
1.2235294150e-05
1.1689809638e-05
1.1153880782e-05
1.0628647655e-05
1.0114849262e-05
9.6138633665e-06
9.1266866957e-06
8.6538275676e-06
8.1964753704e-06
7.7552524606e-06
7.3301919898e-06
6.9220779875e-06
6.5310731555e-06
6.1566955886e-06
5.7992814143e-06
5.4586002661e-06
5.1337758467e-06
4.8248347792e-06
4.5313097971e-06
4.2521145229e-06
3.9871048952e-06
3.7357546716e-06
3.4969477465e-06
3.2704845889e-06
3.0558738923e-06
2.8520689710e-06
2.6588913953e-06
2.4759318901e-06
2.3022536652e-06
2.1377055109e-06
1.9820147469e-06
1.8343812078e-06
1.6947235246e-06
1.5628899423e-06
1.4382200727e-06
1.3206924161e-06
1.2102585748e-06
1.1063609394e-06
1.0089963086e-06
9.1816559160e-07
8.3337590803e-07
7.5460679387e-07
6.8185876073e-07
