5.6635499721e-06
5.8668197446e-06
6.0753698172e-06
6.2891542015e-06
6.5081057779e-06
6.7321409709e-06
6.9611454931e-06
7.1949826385e-06
7.4334902796e-06
7.6764756928e-06
7.9237154207e-06
8.1749552453e-06
8.4299059734e-06
8.6882405002e-06
8.9495940439e-06
9.2135590862e-06
9.4796853473e-06
9.7474781793e-06
1.0016392398e-05
1.0285831465e-05
1.0555153050e-05
1.0823657474e-05
1.1090586124e-05
1.1355125603e-05
1.1616402561e-05
1.1873472836e-05
1.2125329059e-05
1.2370923853e-05
1.2609124159e-05
1.2838727953e-05
1.3058477255e-05
1.3267048094e-05
1.3463056229e-05
1.3645071879e-05
1.3811598962e-05
1.3961109337e-05
1.4092035172e-05
1.4202794424e-05
1.4291797396e-05
1.4357464146e-05
1.4398260969e-05
1.4412710116e-05
1.4399434876e-05
1.4357178407e-05
1.4284866608e-05
1.4181638971e-05
1.4046890622e-05
1.3880335919e-05
1.3682050303e-05
1.3452529577e-05
1.3192729143e-05
1.2904109853e-05
1.2588671359e-05
1.2248969582e-05
1.1888115670e-05
1.1509755517e-05
1.1118034481e-05
1.0717517943e-05
1.0313097754e-05
9.9098594991e-06
9.5129190803e-06
9.1272491503e-06
8.7574823490e-06
8.4076747814e-06
8.0810951169e-06
7.7799853425e-06
7.5053455161e-06
7.2567337774e-06
7.0320821455e-06
6.8276354696e-06
6.6379093080e-06
6.4558663007e-06
6.2733070407e-06
6.0814987015e-06
5.8721425948e-06
5.6385502839e-06
5.3768116992e-06
5.0867225072e-06
4.7741372404e-06
4.4490416226e-06
4.1240592601e-06
3.8139665673e-06
3.5334167567e-06
3.2928781200e-06
3.0975670685e-06
2.9453342007e-06
2.8276203261e-06
2.7290039949e-06
2.6299849689e-06
2.5138531443e-06
2.3699843392e-06
2.1998125500e-06
2.0175753838e-06
1.8434636857e-06
1.6966524883e-06
1.5863692796e-06
1.5082041091e-06
1.4461984760e-06
1.3797596582e-06
1.2955811287e-06
1.1959497939e-06
1.0966034638e-06
1.0145171938e-06
9.5490743995e-07
9.0851561434e-07
8.6014048303e-07
8.0272685478e-07
7.4325138488e-07
6.9302859271e-07
6.5439987444e-07
6.1957255246e-07
5.8191338378e-07
5.4414674170e-07
5.1200543260e-07
4.8481906208e-07
4.5816192928e-07
4.3190188068e-07
4.0871731450e-07
3.8807896564e-07
3.6822553114e-07
3.4980441006e-07
3.3327452084e-07
3.1781188270e-07
3.0346396919e-07
2.9036691056e-07
2.7818295310e-07
2.6693579217e-07
2.5654978901e-07
2.4691214777e-07
2.3796738212e-07
2.2965685596e-07
2.2191722319e-07
2.1468918524e-07
2.0791981478e-07
2.0156100035e-07
1.9556752106e-07
1.8989650436e-07
1.8450830801e-07
1.7936684342e-07
1.7443924288e-07
1.6969533554e-07
1.6510742583e-07
1.6065050019e-07
1.5630231898e-07
1.5204331667e-07
1.4785639505e-07
1.4372680496e-07
1.3964220555e-07
1.3559266657e-07
1.3157058772e-07
1.2757055928e-07
1.2358924553e-07
1.1962527042e-07
1.1567907181e-07
1.1175272932e-07
1.0784977972e-07
1.0397500896e-07
1.0013422114e-07
9.6333996801e-08
9.2581448756e-08
8.8883980825e-08
8.5249049381e-08
8.1683939528e-08
7.8195560721e-08
7.4790265923e-08
7.1473698076e-08
6.8250671247e-08
6.5125091215e-08
6.2099915174e-08
5.9177147802e-08
5.6357870863e-08
5.3642304036e-08
5.1029891499e-08
4.8519406740e-08
4.6109066855e-08
4.3796649073e-08
4.1579603703e-08
3.9455158568e-08
3.7420411370e-08
3.5472407442e-08
3.3608202292e-08
3.1824909793e-08
3.0119737383e-08
2.8490009929e-08
2.6933183574e-08
2.5446851225e-08
2.4028741239e-08
2.2676710593e-08
2.1388733626e-08
2.0162887227e-08
1.8997333396e-08
1.7890299926e-08
1.6840059911e-08
1.5844910803e-08
1.4903153719e-08
1.4013073739e-08
1.3172921869e-08
1.2380899397e-08
1.1635145360e-08
1.0933727807e-08
