5.2792596612e+00
5.5110050332e+00
5.7529234068e+00
6.0054613498e+00
6.2690850326e+00
6.5442810896e+00
6.8315575172e+00
7.1314446111e+00
7.4444959460e+00
7.7712893968e+00
8.1124282056e+00
8.4685420952e+00
8.8402884317e+00
9.2283534375e+00
9.6334534586e+00
1.0056336287e+01
1.0497782539e+01
1.0958607101e+01
1.1439660628e+01
1.1941831117e+01
1.2466045547e+01
1.3013271588e+01
1.3584519387e+01
1.4180843437e+01
1.4803344516e+01
1.5453171727e+01
1.6131524614e+01
1.6839655377e+01
1.7578871185e+01
1.8350536590e+01
1.9156076041e+01
1.9996976518e+01
2.0874790276e+01
2.1791137709e+01
2.2747710342e+01
2.3746273953e+01
2.4788671836e+01
2.5876828196e+01
2.7012751708e+01
2.8198539222e+01
2.9436379636e+01
3.0728557931e+01
3.2077459396e+01
3.3485574025e+01
3.4955501118e+01
3.6489954077e+01
3.8091765415e+01
3.9763891985e+01
4.1509420436e+01
4.3331572915e+01
4.5233713012e+01
4.7219351969e+01
4.9292155163e+01
5.1455948870e+01
5.3714727331e+01
5.6072660122e+01
5.8534099853e+01
6.1103590201e+01
6.3785874299e+01
6.6585903492e+01
6.9508846474e+01
7.2560098830e+01
7.5745293000e+01
7.9070308671e+01
8.2541283632e+01
8.6164625105e+01
8.9947021573e+01
9.3895455125e+01
9.8017214344e+01
1.0231990776e+02
1.0681147791e+02
1.1150021596e+02
1.1639477707e+02
1.2150419632e+02
1.2683790540e+02
1.3240575003e+02
1.3821800814e+02
1.4428540883e+02
1.5061915217e+02
1.5723092990e+02
1.6413294698e+02
1.7133794414e+02
1.7885922139e+02
1.8671066259e+02
1.9490676104e+02
2.0346264629e+02
2.1239411200e+02
2.2171764516e+02
2.3145045647e+02
2.4161051216e+02
2.5221656710e+02
2.6328819947e+02
2.7484584687e+02
2.8691084407e+02
2.9950546236e+02
3.1265295069e+02
3.2637757858e+02
3.4070468090e+02
3.5566070468e+02
3.7127325788e+02
3.8757116038e+02
4.0458449719e+02
4.2234467397e+02
4.4088447497e+02
4.6023812363e+02
4.8044134567e+02
5.0153143510e+02
5.2354732302e+02
5.4652964951e+02
5.7052083862e+02
5.9556517674e+02
6.2170889429e+02
6.4900025107e+02
6.7748962539e+02
7.0722960700e+02
7.3827509422e+02
7.7068339526e+02
8.0451433399e+02
8.3983036039e+02
8.7669666585e+02
9.1518130347e+02
9.5535531370e+02
9.9729285547e+02
1.0410713431e+03
1.0867715892e+03
1.1344779538e+03
1.1842785001e+03
1.2362651572e+03
1.2905338894e+03
1.3471848737e+03
1.4063226846e+03
1.4680564872e+03
1.5325002385e+03
1.5997728981e+03
1.6699986473e+03
1.7433071191e+03
1.8198336366e+03
1.8997194634e+03
1.9831120643e+03
2.0701653771e+03
2.1610400975e+03
2.2559039749e+03
2.3549321227e+03
2.4583073411e+03
2.5662204551e+03
2.6788706659e+03
2.7964659196e+03
2.9192232902e+03
3.0473693809e+03
3.1811407420e+03
3.3207843080e+03
3.4665578528e+03
3.6187304661e+03
3.7775830499e+03
3.9434088371e+03
4.1165139326e+03
4.2972178786e+03
4.4858542443e+03
4.6827712416e+03
4.8883323681e+03
5.1029170781e+03
5.3269214825e+03
5.5607590810e+03
5.8048615242e+03
6.0596794115e+03
6.3256831221e+03
6.6033636838e+03
6.8932336792e+03
7.1958281916e+03
7.5117057934e+03
7.8414495766e+03
8.1856682296e+03
8.5449971602e+03
8.9200996694e+03
9.3116681750e+03
9.7204254901e+03
1.0147126158e+04
1.0592557843e+04
1.1057542786e+04
1.1542939325e+04
1.2049643473e+04
1.2578590577e+04
1.3130757043e+04
1.3707162140e+04
1.4308869878e+04
1.4936990976e+04
1.5592684908e+04
1.6277162050e+04
1.6991685907e+04
1.7737575449e+04
1.8516207546e+04
1.9329019509e+04
2.0177511741e+04
2.1063250512e+04
2.1987870845e+04
2.2953079537e+04
2.3960658307e+04
2.5012467088e+04
2.6110447461e+04
2.7256626234e+04
