2.3424434821e+04
2.4264831841e+04
2.5127026643e+04
2.6010825106e+04
2.6915945408e+04
2.7842037361e+04
2.8788623417e+04
2.9755132967e+04
3.0740889916e+04
3.1745091261e+04
3.2766806526e+04
3.3804977649e+04
3.4858401551e+04
3.5925718005e+04
3.7005410623e+04
3.8095785953e+04
3.9194973415e+04
4.0300918709e+04
4.1411358356e+04
4.2523816397e+04
4.3635627504e+04
4.4743889300e+04
4.5845455912e+04
4.6936955348e+04
4.8014768266e+04
4.9074983299e+04
5.0113428747e+04
5.1125768848e+04
5.2107315104e+04
5.3053095778e+04
5.3957910054e+04
5.4816286884e+04
5.5622508993e+04
5.6370674155e+04
5.7054609625e+04
5.7668014043e+04
5.8204426021e+04
5.8657329635e+04
5.9020181467e+04
5.9286482396e+04
5.9449928069e+04
5.9504448482e+04
5.9444393563e+04
5.9264609948e+04
5.8960699748e+04
5.8529146612e+04
5.7967488018e+04
5.7274576651e+04
5.6450751926e+04
5.5498083805e+04
5.4420534045e+04
5.3224145285e+04
5.1917178993e+04
5.0510188396e+04
4.9016015422e+04
4.7449707838e+04
4.5828375586e+04
4.4170864589e+04
4.2497372219e+04
4.0828900287e+04
3.9186580649e+04
3.7590958172e+04
3.6061177048e+04
3.4614002019e+04
3.3262945146e+04
3.2017275020e+04
3.0881125203e+04
2.9852665831e+04
2.8923340693e+04
2.8077613984e+04
2.7292795530e+04
2.6539770078e+04
2.5784614127e+04
2.4991196502e+04
2.4125181292e+04
2.3158893817e+04
2.2076153705e+04
2.0876112148e+04
1.9582988636e+04
1.8238096140e+04
1.6893663358e+04
1.5610828562e+04
1.4450223082e+04
1.3455165311e+04
1.2647245228e+04
1.2017575942e+04
1.1530747466e+04
1.1122951799e+04
1.0713498003e+04
1.0233234754e+04
9.6381894976e+03
8.9342865550e+03
8.1804384965e+03
7.4602026648e+03
6.8529427322e+03
6.3968612535e+03
6.0737202909e+03
5.8174768811e+03
5.5428935677e+03
5.1948796990e+03
4.7828895804e+03
4.3720695686e+03
4.0327050126e+03
3.7864098569e+03
3.5948609228e+03
3.3951115138e+03
3.1579337865e+03
2.9122142454e+03
2.7048229802e+03
2.5454704740e+03
2.4018752823e+03
2.2465469115e+03
2.0907675568e+03
1.9582969861e+03
1.8463632004e+03
1.7366142622e+03
1.6284933656e+03
1.5331143075e+03
1.4482828918e+03
1.3666851723e+03
1.2910152667e+03
1.2231804026e+03
1.1597551496e+03
1.1009483042e+03
1.0473290961e+03
9.9749014547e+02
9.5154435401e+02
9.0918209298e+02
8.6992936310e+02
8.3357092595e+02
7.9986817662e+02
7.6855141451e+02
7.3938964211e+02
7.1216830510e+02
6.8668038928e+02
6.6275241321e+02
6.4021179551e+02
6.1888666643e+02
5.9863900073e+02
5.7933837602e+02
5.6085249856e+02
5.4307491330e+02
5.2590829177e+02
5.0925348612e+02
4.9303402581e+02
4.7718558840e+02
4.6163993723e+02
4.4634710339e+02
4.3127200020e+02
4.1637519907e+02
4.0163356421e+02
3.8703752059e+02
3.7257254108e+02
3.5823928310e+02
3.4404820117e+02
3.3000374970e+02
3.1612546552e+02
3.0243677938e+02
2.8895328017e+02
2.7570598139e+02
2.6272306383e+02
2.5002279449e+02
2.3763922945e+02
2.2559700623e+02
2.1390868962e+02
2.0260367939e+02
1.9169735919e+02
1.8119054846e+02
1.7110262716e+02
1.6143761701e+02
1.5218360610e+02
1.4334890295e+02
1.3492781327e+02
1.2689867641e+02
1.1926215044e+02
1.1200668530e+02
1.0510542747e+02
9.8554815990e+01
9.2341842995e+01
8.6438920154e+01
8.0841115378e+01
7.5536284360e+01
7.0498554719e+01
6.5723515956e+01
6.1201051450e+01
5.6908005256e+01
5.2840639713e+01
4.8992214604e+01
4.5342951123e+01
4.1890837967e+01
3.8632123990e+01
3.5550485464e+01
3.2645390946e+01
2.9915644127e+01
2.7347461796e+01
2.4940764825e+01
2.2695575689e+01
2.0599711175e+01
1.8652665447e+01
1.6854451152e+01
