8.3266743013e+03
7.9238511566e+03
7.5395860463e+03
7.1867129874e+03
6.8739932335e+03
6.6059839511e+03
6.3824039040e+03
6.1975481218e+03
6.0423747642e+03
5.9040652162e+03
5.7683665392e+03
5.6225142171e+03
5.4571154659e+03
5.2677272370e+03
5.0563822709e+03
4.8312372369e+03
4.6036166895e+03
4.3861702683e+03
4.1899333867e+03
4.0209337570e+03
3.8799217779e+03
3.7621962302e+03
3.6585685888e+03
3.5581756791e+03
3.4517517011e+03
3.3338404572e+03
3.2047995731e+03
3.0702496320e+03
2.9383489537e+03
2.8171199238e+03
2.7109894029e+03
2.6198612657e+03
2.5392168721e+03
2.4625061791e+03
2.3838955213e+03
2.3008177641e+03
2.2148212686e+03
2.1301957480e+03
2.0514555484e+03
1.9808605224e+03
1.9174855979e+03
1.8581643993e+03
1.7995249686e+03
1.7400922678e+03
1.6807462464e+03
1.6237777590e+03
1.5709484094e+03
1.5222897751e+03
1.4764121782e+03
1.4317100493e+03
1.3876244810e+03
1.3448200381e+03
1.3042481102e+03
1.2661906642e+03
1.2301152880e+03
1.1953036211e+03
1.1615253627e+03
1.1290702415e+03
1.0982359526e+03
1.0689395964e+03
1.0408567720e+03
1.0137998952e+03
9.8782876052e+02
9.6302855815e+02
9.3933302671e+02
9.1660091144e+02
8.9478571231e+02
8.7385198083e+02
8.5376418736e+02
8.3448684123e+02
8.1598207426e+02
7.9820830081e+02
7.8112471735e+02
7.6469054650e+02
7.4887173787e+02
7.3363453947e+02
7.1894724056e+02
7.0477931951e+02
6.9110129150e+02
6.7788466522e+02
6.6510146069e+02
6.5272463816e+02
6.4072789219e+02
6.2908406506e+02
6.1777217843e+02
6.0677025522e+02
5.9605710342e+02
5.8561280630e+02
5.7541812640e+02
5.6545464629e+02
5.5570474194e+02
5.4615172565e+02
5.3677944302e+02
5.2757083672e+02
5.1851424706e+02
5.0959660161e+02
5.0080566800e+02
4.9213078731e+02
4.8356142765e+02
4.7508784258e+02
4.6670107169e+02
4.5839296721e+02
4.5015586224e+02
4.4198150986e+02
4.3386593195e+02
4.2580374704e+02
4.1779084572e+02
4.0982467780e+02
4.0190204549e+02
3.9402073192e+02
3.8617916727e+02
3.7837639836e+02
3.7061178666e+02
3.6288432350e+02
3.5519613770e+02
3.4754801300e+02
3.3994280751e+02
3.3238334417e+02
3.2487136157e+02
3.1740970882e+02
3.1000150942e+02
3.0265011839e+02
2.9535889670e+02
2.8813080157e+02
2.8097119357e+02
2.7388353609e+02
2.6687482040e+02
2.5994837311e+02
2.5310720929e+02
2.4635519382e+02
2.3969606315e+02
2.3313348875e+02
2.2667087845e+02
2.2031097001e+02
2.1405867229e+02
2.0791568606e+02
2.0188874275e+02
1.9597765271e+02
1.9018344412e+02
1.8450734372e+02
1.7895048416e+02
1.7351372324e+02
1.6819759818e+02
1.6300182401e+02
1.5792860879e+02
1.5297588839e+02
1.4814747387e+02
1.4343942856e+02
1.3885028536e+02
1.3437810063e+02
1.3002115488e+02
1.2577767260e+02
1.2164572291e+02
1.1762300537e+02
1.1370964218e+02
1.0990154454e+02
1.0620050903e+02
1.0260138870e+02
9.9101848499e+01
9.5698697974e+01
9.2389393842e+01
8.9171518141e+01
8.6042598084e+01
8.3000247647e+01
8.0044265727e+01
7.7170513618e+01
7.4380086217e+01
7.1668482517e+01
6.9033839307e+01
6.6473229783e+01
6.3984470629e+01
6.1565628041e+01
5.9214614008e+01
5.6929664932e+01
5.4710914960e+01
5.2555010420e+01
5.0463077374e+01
4.8431743191e+01
4.6459900957e+01
4.4545324541e+01
4.2686631722e+01
4.0882700526e+01
3.9132142120e+01
3.7433983727e+01
3.5788961280e+01
3.4194859740e+01
3.2652781498e+01
3.1160326600e+01
2.9717198989e+01
2.8321744746e+01
2.6973065058e+01
2.5670680105e+01
2.4413589910e+01
2.3201270705e+01
2.2034549530e+01
2.0911864070e+01
1.9833797051e+01
1.8798492367e+01
1.7805912212e+01
1.6854451152e+01
