9.3893889875e+00
9.7113007981e+00
1.0041421977e+01
1.0379717278e+01
1.0726117536e+01
1.1080527021e+01
1.1442816581e+01
1.1812817376e+01
1.2190321901e+01
1.2575080975e+01
1.2966799948e+01
1.3365139755e+01
1.3769717846e+01
1.4180102269e+01
1.4595816612e+01
1.5016344805e+01
1.5441124647e+01
1.5869553679e+01
1.6300990127e+01
1.6734733629e+01
1.7170023362e+01
1.7606034409e+01
1.8041855378e+01
1.8476488348e+01
1.8908823680e+01
1.9337643784e+01
1.9761623739e+01
2.0179323706e+01
2.0589205881e+01
2.0989656661e+01
2.1378998261e+01
2.1755537326e+01
2.2117533286e+01
2.2463183256e+01
2.2790622759e+01
2.3097878225e+01
2.3382865296e+01
2.3643412165e+01
2.3877258981e+01
2.4082116643e+01
2.4255717380e+01
2.4395814436e+01
2.4500190577e+01
2.4566625984e+01
2.4592934674e+01
2.4577049170e+01
2.4517118957e+01
2.4411617075e+01
2.4259363889e+01
2.4059511674e+01
2.3811563749e+01
2.3515427021e+01
2.3171491762e+01
2.2780690420e+01
2.2344563093e+01
2.1865346670e+01
2.1346083863e+01
2.0790680981e+01
2.0203834057e+01
1.9590913190e+01
1.8957841117e+01
1.8310991972e+01
1.7657109993e+01
1.7003242516e+01
1.6356549281e+01
1.5724050490e+01
1.5112380966e+01
1.4527467930e+01
1.3974231677e+01
1.3456272775e+01
1.2975591487e+01
1.2532377198e+01
1.2124921626e+01
1.1749523315e+01
1.1400441385e+01
1.1069796619e+01
1.0747901424e+01
1.0423941238e+01
1.0086909525e+01
9.7267847725e+00
9.3358158376e+00
8.9098464332e+00
8.4493018365e+00
7.9607162968e+00
7.4569154052e+00
6.9541685521e+00
6.4704659462e+00
6.0241494037e+00
5.6296848654e+00
5.2949957663e+00
5.0200871136e+00
4.7961302824e+00
4.6072104043e+00
4.4314472573e+00
4.2462507783e+00
4.0353642259e+00
3.7923677761e+00
3.5252246817e+00
3.2542917429e+00
3.0035976736e+00
2.7925651214e+00
2.6276252351e+00
2.5000257483e+00
2.3898011352e+00
2.2743009086e+00
2.1403975406e+00
1.9915897693e+00
1.8452881174e+00
1.7198501294e+00
1.6215963955e+00
1.5415549773e+00
1.4634213578e+00
1.3775799105e+00
1.2885758735e+00
1.2083659141e+00
1.1426025036e+00
1.0855561602e+00
1.0285181477e+00
9.7048779999e-01
9.1725771565e-01
8.7146815155e-01
8.2940342855e-01
7.8805552653e-01
7.4922233711e-01
7.1451289103e-01
6.8229671085e-01
6.5152529603e-01
6.2308100443e-01
5.9687422264e-01
5.7213027854e-01
5.4900004277e-01
5.2744179381e-01
5.0710962761e-01
4.8800227814e-01
4.6998932263e-01
4.5291992321e-01
4.3671613995e-01
4.2128376687e-01
4.0652694410e-01
3.9236882390e-01
3.7872664563e-01
3.6553383510e-01
3.5273237368e-01
3.4025614203e-01
3.2806191030e-01
3.1610522281e-01
3.0434060097e-01
2.9274620077e-01
2.8129253808e-01
2.6995606739e-01
2.5873006640e-01
2.4760164503e-01
2.3656922137e-01
2.2563887838e-01
2.1481262290e-01
2.0410683912e-01
1.9353635315e-01
1.8311878380e-01
1.7287746701e-01
1.6283506078e-01
1.5301800226e-01
1.4344836414e-01
1.3415352476e-01
1.2515779568e-01
1.1647814634e-01
1.0814125567e-01
1.0015901996e-01
9.2542700720e-02
8.5312818723e-02
7.8463370955e-02
7.2002982627e-02
6.5935422703e-02
6.0245870826e-02
5.4937410643e-02
4.9997078503e-02
4.5407867173e-02
4.1167197661e-02
3.7250497918e-02
3.3643746454e-02
3.0337250142e-02
2.7303824983e-02
2.4533222008e-02
2.2008813258e-02
1.9708425773e-02
1.7622424940e-02
1.5731809100e-02
1.4020228974e-02
1.2478523285e-02
1.1087697713e-02
9.8373172767e-03
8.7166643924e-03
7.7109717951e-03
6.8125858396e-03
6.0109252349e-03
5.2954275181e-03
4.6598671590e-03
4.0949809350e-03
3.5936491877e-03
3.1505820444e-03
2.7582127326e-03
