2.5438314813e-03
2.6278977262e-03
2.7136773607e-03
2.8011120239e-03
2.8901337441e-03
2.9806639899e-03
3.0726132899e-03
3.1658816395e-03
3.2603545362e-03
3.3559057043e-03
3.4523945768e-03
3.5496656453e-03
3.6475483514e-03
3.7458552887e-03
3.8443826011e-03
3.9429097280e-03
4.0411977496e-03
4.1389884098e-03
4.2360037457e-03
4.3319459282e-03
4.4264958970e-03
4.5193079629e-03
4.6100266608e-03
4.6982713758e-03
4.7836314518e-03
4.8656795409e-03
4.9439679514e-03
5.0180235882e-03
5.0873607022e-03
5.1514728112e-03
5.2098344229e-03
5.2619097645e-03
5.3071517708e-03
5.3450118307e-03
5.3749382610e-03
5.3963873910e-03
5.4088316245e-03
5.4117664521e-03
5.4047228561e-03
5.3872786559e-03
5.3590721873e-03
5.3198166108e-03
5.2693166843e-03
5.2074847484e-03
5.1343566668e-03
5.0501113737e-03
4.9550828875e-03
4.8497778553e-03
4.7348837058e-03
4.6112744249e-03
4.4800131230e-03
4.3423444480e-03
4.1996852745e-03
4.0535973895e-03
3.9057595341e-03
3.7579264945e-03
3.6118761704e-03
3.4693543711e-03
3.3320130496e-03
3.2013332921e-03
3.0785525273e-03
2.9645902414e-03
2.8599758237e-03
2.7647777321e-03
2.6785382761e-03
2.6002343382e-03
2.5282642257e-03
2.4604536733e-03
2.3941594894e-03
2.3264212223e-03
2.2542211203e-03
2.1748277089e-03
2.0862196020e-03
1.9873651677e-03
1.8787586391e-03
1.7629153391e-03
1.6435535481e-03
1.5252023171e-03
1.4131307799e-03
1.3122351614e-03
1.2259515113e-03
1.1558424995e-03
1.1009562164e-03
1.0582038275e-03
1.0221565626e-03
9.8602443929e-04
9.4396862227e-04
8.9213699903e-04
8.3065991612e-04
7.6413447583e-04
6.9945857392e-04
6.4357121202e-04
6.0045098913e-04
5.6954838314e-04
5.4610434453e-04
5.2295818219e-04
4.9439145674e-04
4.5934412769e-04
4.2214232220e-04
3.8913409826e-04
3.6407314331e-04
3.4568636484e-04
3.2895330881e-04
3.0955884872e-04
2.8764402371e-04
2.6703664787e-04
2.5067275873e-04
2.3755526804e-04
2.2454160227e-04
2.1048157556e-04
1.9717715174e-04
1.8611478490e-04
1.7634977755e-04
1.6653651605e-04
1.5709096307e-04
1.4882511361e-04
1.4131413565e-04
1.3404986033e-04
1.2734511214e-04
1.2128606724e-04
1.1558003366e-04
1.1027105215e-04
1.0539733440e-04
1.0083752669e-04
9.6602225426e-05
9.2667358040e-05
8.8990235918e-05
8.5552671785e-05
8.2333502908e-05
7.9310779262e-05
7.6464399956e-05
7.3774097693e-05
7.1224130740e-05
6.8798857723e-05
6.6482117069e-05
6.4261613168e-05
6.2124298044e-05
6.0058586573e-05
5.8055533278e-05
5.6105018527e-05
5.4199469039e-05
5.2332601968e-05
5.0497283386e-05
4.8689899175e-05
4.6906452038e-05
4.5143471939e-05
4.3399992176e-05
4.1674350215e-05
3.9966527949e-05
3.8277509462e-05
3.6607714815e-05
3.4960033759e-05
3.3336183377e-05
3.1739017339e-05
3.0172009837e-05
2.8637412727e-05
2.7139774275e-05
2.5681458793e-05
2.4265249763e-05
2.2895555852e-05
2.1573032777e-05
2.0300927328e-05
1.9081143691e-05
1.7913493456e-05
1.6800882262e-05
1.5742116477e-05
1.4736861805e-05
1.3786466345e-05
1.2887672191e-05
1.2040566207e-05
1.1243885875e-05
1.0494292423e-05
9.7916651165e-06
9.1329433506e-06
8.5154471827e-06
7.9386658928e-06
7.3985740657e-06
6.8937202223e-06
6.4224639893e-06
5.9814226568e-06
5.5697041626e-06
5.1850481458e-06
4.8249843342e-06
4.4889973844e-06
4.1744192503e-06
3.8800024930e-06
3.6048511061e-06
3.3468059924e-06
3.1053086920e-06
2.8791458970e-06
2.6667893342e-06
2.4680186757e-06
2.2814120165e-06
2.1062440765e-06
1.9421983020e-06
1.7880700738e-06
1.6437371738e-06
1.5086032486e-06
1.3818775469e-06
1.2636692167e-06
