1.3147027593e-05
1.3581671660e-05
1.4025191738e-05
1.4477288011e-05
1.4937611109e-05
1.5405757202e-05
1.5881266034e-05
1.6363623028e-05
1.6852238789e-05
1.7346463182e-05
1.7845572313e-05
1.8348765153e-05
1.8855162967e-05
1.9363800000e-05
1.9873625515e-05
2.0383502446e-05
2.0892198810e-05
2.1398382620e-05
2.1900619921e-05
2.2397373909e-05
2.2886997813e-05
2.3367706935e-05
2.3837665643e-05
2.4294907850e-05
2.4737311639e-05
2.5162668141e-05
2.5568662557e-05
2.5952847907e-05
2.6312710797e-05
2.6645629584e-05
2.6948883186e-05
2.7219696125e-05
2.7455233254e-05
2.7652650116e-05
2.7809085100e-05
2.7921716798e-05
2.7987805826e-05
2.8004731265e-05
2.7970055059e-05
2.7881580987e-05
2.7737425775e-05
2.7536093502e-05
2.7276562776e-05
2.6958369845e-05
2.6581691453e-05
2.6147446267e-05
2.5657357271e-05
2.5114042596e-05
2.4521057653e-05
2.3882924780e-05
2.3205146133e-05
2.2494163923e-05
2.1757311620e-05
2.1002672067e-05
2.0238932256e-05
1.9475171271e-05
1.8720586245e-05
1.7984206769e-05
1.7274575586e-05
1.6599350721e-05
1.5964929560e-05
1.5376065321e-05
1.4835494572e-05
1.4343571580e-05
1.3897931656e-05
1.3493288468e-05
1.3121366329e-05
1.2770931401e-05
1.2428327353e-05
1.2078259100e-05
1.1705136005e-05
1.1294847035e-05
1.0836950320e-05
1.0326117919e-05
9.7649052648e-06
9.1663091352e-06
8.5495404971e-06
7.9379979440e-06
7.3589019996e-06
6.8375450607e-06
6.3916747441e-06
6.0293598063e-06
5.7456787861e-06
5.5246720429e-06
5.3382946326e-06
5.1514734165e-06
4.9340517467e-06
4.6661379267e-06
4.3484111407e-06
4.0046190578e-06
3.6703877676e-06
3.3815496403e-06
3.1586435439e-06
2.9988230557e-06
2.8775073764e-06
2.7577218390e-06
2.6099465212e-06
2.4287165240e-06
2.2363699870e-06
2.0656734488e-06
1.9359932142e-06
1.8407496387e-06
1.7540312864e-06
1.6535767132e-06
1.5401218292e-06
1.4334151416e-06
1.3485961638e-06
1.2805195279e-06
1.2129806486e-06
1.1400571186e-06
1.0710416095e-06
1.0135909372e-06
9.6284004447e-07
9.1185719941e-07
8.6278543259e-07
8.1981075975e-07
7.8073847156e-07
7.4295512823e-07
7.0807150882e-07
6.7652363481e-07
6.4680914147e-07
6.1914998364e-07
5.9373695404e-07
5.6995167979e-07
5.4783877808e-07
5.2727364798e-07
5.0803905418e-07
4.9003282311e-07
4.7314875335e-07
4.5727141004e-07
4.4229137206e-07
4.2811032185e-07
4.1463979965e-07
4.0179735969e-07
3.8950518288e-07
3.7769138902e-07
3.6629093325e-07
3.5524561090e-07
3.4450303913e-07
3.3401617100e-07
3.2374346237e-07
3.1364917471e-07
3.0370341830e-07
2.9388174653e-07
2.8416484451e-07
2.7453838311e-07
2.6499300432e-07
2.5552412306e-07
2.4613154460e-07
2.3681904944e-07
2.2759397413e-07
2.1846676986e-07
2.0945048970e-07
2.0056025100e-07
1.9181268031e-07
1.8322533889e-07
1.7481613619e-07
1.6660276470e-07
1.5860217190e-07
1.5083008292e-07
1.4330057759e-07
1.3602574378e-07
1.2901541420e-07
1.2227699171e-07
1.1581536394e-07
1.0963291046e-07
1.0372959924e-07
9.8103160049e-08
9.2749315966e-08
8.7662054828e-08
8.2833925093e-08
7.8256338605e-08
7.3919864630e-08
6.9814499566e-08
6.5929903976e-08
6.2255603306e-08
5.8781152025e-08
5.5496263946e-08
5.2390911436e-08
4.9455398190e-08
4.6680410399e-08
4.4057050937e-08
4.1576860531e-08
3.9231828197e-08
3.7014393108e-08
3.4917439702e-08
3.2934287707e-08
3.1058678177e-08
2.9284756320e-08
2.7607051772e-08
2.6020457001e-08
2.4520204260e-08
2.3101841500e-08
2.1761207598e-08
2.0494407280e-08
1.9297786045e-08
1.8167905376e-08
1.7101518511e-08
1.6095547106e-08
1.5147059070e-08
