1.7758417438e+02
1.8174166889e+02
1.8599649618e+02
1.9035093494e+02
1.9480731722e+02
1.9936802966e+02
2.0403551477e+02
2.0881227225e+02
2.1370086032e+02
2.1870389709e+02
2.2382406197e+02
2.2906409708e+02
2.3442680877e+02
2.3991506905e+02
2.4553181720e+02
2.5128006131e+02
2.5716287986e+02
2.6318342345e+02
2.6934491640e+02
2.7565065855e+02
2.8210402695e+02
2.8870847777e+02
2.9546754803e+02
3.0238485761e+02
3.0946411110e+02
3.1670909984e+02
3.2412370393e+02
3.3171189429e+02
3.3947773483e+02
3.4742538459e+02
3.5555909997e+02
3.6388323703e+02
3.7240225381e+02
3.8112071272e+02
3.9004328298e+02
3.9917474311e+02
4.0851998353e+02
4.1808400914e+02
4.2787194199e+02
4.3788902407e+02
4.4814062009e+02
4.5863222035e+02
4.6936944368e+02
4.8035804046e+02
4.9160389570e+02
5.0311303218e+02
5.1489161368e+02
5.2694594829e+02
5.3928249177e+02
5.5190785103e+02
5.6482878766e+02
5.7805222153e+02
5.9158523452e+02
6.0543507433e+02
6.1960915830e+02
6.3411507746e+02
6.4896060052e+02
6.6415367809e+02
6.7970244690e+02
6.9561523420e+02
7.1190056216e+02
7.2856715248e+02
7.4562393105e+02
7.6308003271e+02
7.8094480620e+02
7.9922781908e+02
8.1793886293e+02
8.3708795854e+02
8.5668536134e+02
8.7674156681e+02
8.9726731617e+02
9.1827360211e+02
9.3977167465e+02
9.6177304721e+02
9.8428950276e+02
1.0073331001e+03
1.0309161804e+03
1.0550513736e+03
1.0797516055e+03
1.1050301045e+03
1.1309004087e+03
1.1573763729e+03
1.1844721765e+03
1.2122023309e+03
1.2405816871e+03
1.2696254439e+03
1.2993491556e+03
1.3297687412e+03
1.3609004919e+03
1.3927610806e+03
1.4253675702e+03
1.4587374236e+03
1.4928885120e+03
1.5278391252e+03
1.5636079813e+03
1.6002142365e+03
1.6376774955e+03
1.6760178218e+03
1.7152557490e+03
1.7554122911e+03
1.7965089541e+03
1.8385677476e+03
1.8816111964e+03
1.9256623527e+03
1.9707448084e+03
2.0168827075e+03
2.0641007596e+03
2.1124242525e+03
2.1618790661e+03
2.2124916862e+03
2.2642892187e+03
2.3172994041e+03
2.3715506322e+03
2.4270719577e+03
2.4838931153e+03
2.5420445358e+03
2.6015573626e+03
2.6624634681e+03
2.7247954709e+03
2.7885867533e+03
2.8538714791e+03
2.9206846119e+03
2.9890619338e+03
3.0590400646e+03
3.1306564816e+03
3.2039495394e+03
3.2789584903e+03
3.3557235061e+03
3.4342856984e+03
3.5146871418e+03
3.5969708958e+03
3.6811810278e+03
3.7673626371e+03
3.8555618786e+03
3.9458259881e+03
4.0382033070e+03
4.1327433084e+03
4.2294966238e+03
4.3285150699e+03
4.4298516767e+03
4.5335607156e+03
4.6396977285e+03
4.7483195577e+03
4.8594843761e+03
4.9732517189e+03
5.0896825147e+03
5.2088391186e+03
5.3307853457e+03
5.4555865050e+03
5.5833094344e+03
5.7140225366e+03
5.8477958159e+03
5.9847009151e+03
6.1248111547e+03
6.2682015715e+03
6.4149489590e+03
6.5651319085e+03
6.7188308515e+03
6.8761281023e+03
7.0371079022e+03
7.2018564650e+03
7.3704620226e+03
7.5430148727e+03
7.7196074270e+03
7.9003342605e+03
8.0852921627e+03
8.2745801886e+03
8.4682997127e+03
8.6665544824e+03
8.8694506742e+03
9.0770969504e+03
9.2896045171e+03
9.5070871838e+03
9.7296614248e+03
9.9574464407e+03
1.0190564223e+04
1.0429139620e+04
1.0673300401e+04
1.0923177329e+04
1.1178904225e+04
1.1440618047e+04
1.1708458957e+04
1.1982570397e+04
1.2263099171e+04
1.2550195517e+04
1.2844013191e+04
1.3144709548e+04
1.3452445629e+04
1.3767386243e+04
1.4089700058e+04
1.4419559692e+04
1.4757141802e+04
1.5102627183e+04
1.5456200861e+04
1.5818052194e+04
1.6188374974e+04
1.6567367530e+04
1.6955232833e+04
1.7352178607e+04
1.7758417438e+04
