2.4190840386e-03
2.5224557953e-03
2.6302448108e-03
2.7426398424e-03
2.8598377132e-03
2.9820436572e-03
3.1094716782e-03
3.2423449248e-03
3.3808960812e-03
3.5253677745e-03
3.6760129998e-03
3.8330955632e-03
3.9968905434e-03
4.1676847740e-03
4.3457773453e-03
4.5314801285e-03
4.7251183214e-03
4.9270310181e-03
5.1375718030e-03
5.3571093694e-03
5.5860281659e-03
5.8247290691e-03
6.0736300857e-03
6.3331670848e-03
6.6037945608e-03
6.8859864294e-03
7.1802368576e-03
7.4870611292e-03
7.8069965467e-03
8.1406033728e-03
8.4884658110e-03
8.8511930289e-03
9.2294202250e-03
9.6238097408e-03
1.0035052221e-02
1.0463867823e-02
1.0911007476e-02
1.1377254202e-02
1.1863424477e-02
1.2370369672e-02
1.2898977536e-02
1.3450173752e-02
1.4024923561e-02
1.4624233450e-02
1.5249152915e-02
1.5900776298e-02
1.6580244706e-02
1.7288748006e-02
1.8027526909e-02
1.8797875147e-02
1.9601141734e-02
2.0438733328e-02
2.1312116698e-02
2.2222821290e-02
2.3172441907e-02
2.4162641499e-02
2.5195154079e-02
2.6271787754e-02
2.7394427898e-02
2.8565040449e-02
2.9785675353e-02
3.1058470154e-02
3.2385653738e-02
3.3769550232e-02
3.5212583082e-02
3.6717279287e-02
3.8286273833e-02
3.9922314303e-02
4.1628265687e-02
4.3407115403e-02
4.5261978527e-02
4.7196103245e-02
4.9212876548e-02
5.1315830155e-02
5.3508646704e-02
5.5795166198e-02
5.8179392731e-02
6.0665501497e-02
6.3257846105e-02
6.5960966203e-02
6.8779595422e-02
7.1718669673e-02
7.4783335786e-02
7.7978960524e-02
8.1311139982e-02
8.4785709385e-02
8.8408753310e-02
9.2186616335e-02
9.6125914155e-02
1.0023354517e-01
1.0451670255e-01
1.0898288685e-01
1.1363991913e-01
1.1849595468e-01
1.2355949725e-01
1.2883941398e-01
1.3434495093e-01
1.4008574926e-01
1.4607186209e-01
1.5231377215e-01
1.5882241011e-01
1.6560917373e-01
1.7268594781e-01
1.8006512502e-01
1.8775962757e-01
1.9578292988e-01
2.0414908214e-01
2.1287273495e-01
2.2196916493e-01
2.3145430152e-01
2.4134475484e-01
2.5165784480e-01
2.6241163140e-01
2.7362494640e-01
2.8531742626e-01
2.9750954655e-01
3.1022265779e-01
3.2347902285e-01
3.3730185593e-01
3.5171536322e-01
3.6674478526e-01
3.8241644120e-01
3.9875777483e-01
4.1579740266e-01
4.3356516405e-01
4.5209217343e-01
4.7141087482e-01
4.9155509864e-01
5.1256012090e-01
5.3446272507e-01
5.5730126641e-01
5.8111573918e-01
6.0594784666e-01
6.3184107419e-01
6.5884076531e-01
6.8699420118e-01
7.1635068336e-01
7.4696162015e-01
7.7888061663e-01
8.1216356852e-01
8.4686876004e-01
8.8305696602e-01
9.2079155831e-01
9.6013861674e-01
1.0011670448e+00
1.0439486905e+00
1.0885584719e+00
1.1350745085e+00
1.1835782579e+00
1.2341546587e+00
1.2868922788e+00
1.3418834712e+00
1.3992245348e+00
1.4590158839e+00
1.5213622235e+00
1.5863727330e+00
1.6541612569e+00
1.7248465049e+00
1.7985522590e+00
1.8754075909e+00
1.9555470876e+00
2.0391110874e+00
2.1262459252e+00
2.2171041893e+00
2.3118449885e+00
2.4106342302e+00
2.5136449117e+00
2.6210574225e+00
2.7330598606e+00
2.8498483618e+00
2.9716274430e+00
3.0986103607e+00
3.2310194839e+00
3.3690866841e+00
3.5130537409e+00
3.6631727657e+00
3.8197066431e+00
3.9829294910e+00
4.1531271410e+00
4.3305976388e+00
4.5156517662e+00
4.7086135851e+00
4.9098210051e+00
5.1196263755e+00
5.3383971019e+00
5.5665162900e+00
5.8043834161e+00
6.0524150269e+00
6.3110454688e+00
6.5807276488e+00
6.8619338273e+00
7.1551564452e+00
7.4609089862e+00
7.7797268762e+00
8.1121684209e+00
8.4588157831e+00
8.8202760026e+00
9.1971820592e+00
9.5901939810e+00
1.0000000000e+01
