1.3193430966e+04
1.2573600983e+04
1.1982312545e+04
1.1439294086e+04
1.0958008633e+04
1.0545454830e+04
1.0201197311e+04
9.9164566195e+03
9.6773312470e+03
9.4641148639e+03
9.2548994879e+03
9.0300681154e+03
8.7751924091e+03
8.4834468858e+03
8.1579654452e+03
7.8112831350e+03
7.4608047095e+03
7.1259618760e+03
6.8237070091e+03
6.5632919291e+03
6.3458624538e+03
6.1641868420e+03
6.0041500461e+03
5.8490663300e+03
5.6847065754e+03
5.5026986779e+03
5.3035958220e+03
5.0960321282e+03
4.8925330265e+03
4.7054077057e+03
4.5414469584e+03
4.4004952306e+03
4.2756148484e+03
4.1567526854e+03
4.0349611586e+03
3.9063057620e+03
3.7731654983e+03
3.6421184162e+03
3.5200856519e+03
3.4105269837e+03
3.3120196599e+03
3.2197092247e+03
3.1284289877e+03
3.0359228407e+03
2.9435371907e+03
2.8547797187e+03
2.7723455458e+03
2.6962797551e+03
2.6244522581e+03
2.5544057548e+03
2.4852844362e+03
2.4181032243e+03
2.3543157521e+03
2.2943529567e+03
2.2373945195e+03
2.1823411666e+03
2.1288384522e+03
2.0773264752e+03
2.0282571191e+03
1.9815008797e+03
1.9365594918e+03
1.8931442032e+03
1.8513442197e+03
1.8112897797e+03
1.7728726651e+03
1.7358742286e+03
1.7002220603e+03
1.6658590391e+03
1.6327280169e+03
1.6007720124e+03
1.5699306224e+03
1.5401380473e+03
1.5113306387e+03
1.4834476360e+03
1.4564311280e+03
1.4302273800e+03
1.4047861928e+03
1.3800592894e+03
1.3560002447e+03
1.3325643465e+03
1.3097078857e+03
1.2873888203e+03
1.2655671629e+03
1.2442049391e+03
1.2232662953e+03
1.2027177181e+03
1.1825275602e+03
1.1626659300e+03
1.1431046786e+03
1.1238172462e+03
1.1047786280e+03
1.0859655955e+03
1.0673566952e+03
1.0489322388e+03
1.0306743939e+03
1.0125670962e+03
9.9459592926e+02
9.7674810394e+02
9.5901241684e+02
9.4137914697e+02
9.2384012029e+02
9.0638871352e+02
8.8901981261e+02
8.7172978544e+02
8.5451645087e+02
8.3737897771e+02
8.2031781931e+02
8.0333465026e+02
7.8643229140e+02
7.6961463794e+02
7.5288659105e+02
7.3625397598e+02
7.1972345488e+02
7.0330243100e+02
6.8699896064e+02
6.7082166204e+02
6.5477961797e+02
6.3888227840e+02
6.2313936482e+02
6.0756076688e+02
5.9215644377e+02
5.7693632879e+02
5.6191023551e+02
5.4708776785e+02
5.3247823728e+02
5.1809058279e+02
5.0393329618e+02
4.9001435263e+02
4.7634114983e+02
4.6292045532e+02
4.4975836061e+02
4.3686024385e+02
4.2423074198e+02
4.1187372953e+02
3.9979230668e+02
3.8798879677e+02
3.7646475175e+02
3.6522096524e+02
3.5425749602e+02
3.4357369680e+02
3.3316824890e+02
3.2303920253e+02
3.1318402118e+02
3.0359962818e+02
2.9428245677e+02
2.8522850135e+02
2.7643336884e+02
2.6789233044e+02
2.5960037236e+02
2.5155224409e+02
2.4374250424e+02
2.3616556358e+02
2.2881572443e+02
2.2168721674e+02
2.1477423071e+02
2.0807094595e+02
2.0157155708e+02
1.9527029659e+02
1.8916145435e+02
1.8323939431e+02
1.7749856871e+02
1.7193352992e+02
1.6653894005e+02
1.6130957894e+02
1.5624035053e+02
1.5132628766e+02
1.4656255600e+02
1.4194445677e+02
1.3746742848e+02
1.3312704783e+02
1.2891902992e+02
1.2483922774e+02
1.2088363110e+02
1.1704836516e+02
1.1332968849e+02
1.0972399072e+02
1.0622779001e+02
1.0283773009e+02
9.9550577115e+01
9.6363216282e+01
9.3272648257e+01
9.0275985471e+01
8.7370448255e+01
8.4553360870e+01
8.1822147440e+01
7.9174327803e+01
7.6607513306e+01
7.4119402566e+01
7.1707777209e+01
6.9370497590e+01
6.7105498554e+01
6.4910785194e+01
6.2784428660e+01
6.0724562019e+01
5.8729376182e+01
5.6797115926e+01
5.4926076006e+01
5.3114597395e+01
5.1361063653e+01
4.9663897442e+01
